Spatial Barcode,Tumor (%),Stroma (%),Macrophage (%),B cell (%),T/NK (%)
AAACAAGTATCTCCCA-1,16.86253896,54.721586,14.8387339,6.139000488,7.438140653
AAACACCAATAACTGC-1,10.01029086,59.49671857,15.29843501,6.404605646,8.789949905
AAACAGGGTCTATATT-1,10.39774444,32.62511328,21.85479811,17.83506193,17.28728225
AAACAGTGTTCCTGGG-1,16.06077819,53.09216132,13.55438796,7.710877592,9.581794945
AAACATGGTGAGAGGA-1,10.34462352,41.32523228,19.94949993,15.23287239,13.14777188
AAACATTTCCCGGATT-1,12.51581257,58.00955208,15.32980509,7.086614173,7.058216084
AAACCGGAAATGTTAA-1,24.45897556,39.79448856,16.7315377,7.691110073,11.32388811
AAACCGTTCGTCCAGG-1,12.8693606,59.38730259,12.59785511,7.335173537,7.810308159
AAACCTAAGCAGCCGG-1,22.40718272,45.6442611,15.24387285,7.265226887,9.439456443
AAACGAAGATGGAGTA-1,10.08095961,37.25276128,21.38978293,15.76798196,15.50851423
AAACGCTGGGCACGAC-1,12.43828057,57.59512053,13.17891374,6.622131862,10.1655533
AAACGGGCGTACGGGT-1,22.64441825,41.04470844,17.49040235,8.4519815,10.36848947
AAACGGTTGCGAACTG-1,14.54317369,57.71810413,12.47515898,6.464874801,8.798688394
AAACTCGGTTCGCAAT-1,17.84899363,50.28777713,15.33903212,7.16207472,9.362122399
AAACTTAATTGCACGC-1,8.445008089,65.56489785,12.29653891,5.856683509,7.836871642
AAACTTGCAAACGTAT-1,9.384528515,36.48785997,22.35271974,15.68605308,16.0888387
AAAGAATGACCTTAGA-1,12.90491705,54.18117814,15.4614338,8.220050182,9.232420827
AAAGAATGTGGACTAA-1,36.17215421,26.58352977,16.64258738,10.37183484,10.2298938
AAAGGCCCTATAATAC-1,14.95596007,52.61009982,15.39048738,7.874339401,9.169113329
AAAGGCTACGGACCAT-1,11.09877209,64.14633372,11.05752451,6.282323825,7.415045848
AAAGGCTCTCGCGCCG-1,11.86914437,63.9888193,11.13929292,5.683523992,7.319219421
AAAGTAGCATTGCTCA-1,10.40959393,61.59340417,12.71842805,7.636347604,7.642226239
AAAGTGCCATCAATTA-1,19.9268969,47.46659945,15.23401395,6.970002521,10.40248719
AAATACCTATAAGCAT-1,16.37252465,54.95070014,15.65995526,5.128842489,7.887977463
AAATAGGGTGCTATTG-1,21.69731736,38.45115573,18.49727237,9.751982453,11.60227209
AAATCCGATACACGCC-1,13.68751435,57.70496823,14.59593253,5.978718518,8.032866366
AAATCGCGGAAGGAGT-1,9.841437234,43.09442206,18.23660126,15.17080336,13.65673609
AAATCTAGCCCTGCTA-1,12.54587682,67.98944833,10.49432274,3.909565317,5.060786787
AAATCTGCCCGCGTCC-1,7.327847785,59.29746903,15.8533538,7.365330382,10.155999
AAATGACTGATCAAAC-1,8.339216378,68.09414553,10.82774444,5.377943624,7.360950028
AAATGGCCCGTGCCCT-1,8.274885681,42.87318351,20.15264194,14.4603017,14.23898716
AAATTGATAGTCCTTT-1,13.36484587,57.97090869,12.83010604,7.073896301,8.760243097
AAATTTGCGGGTGTGG-1,14.04470928,59.90207985,11.95536663,6.381888568,7.71595567
AACAATACATTGTCGA-1,10.90601522,65.39628837,11.09176244,6.164485795,6.441448165
AACACACGCTCGCCGC-1,16.41123883,53.5440613,15.82588335,5.459770115,8.759046403
AACACGAGACGCGGCC-1,9.61294026,35.53651236,22.39534216,15.68945016,16.76575505
AACAGCTGTGTGGCAA-1,15.74801919,57.40361625,12.54590633,6.5448749,7.757583335
AACAGGTAGTATGGAT-1,8.469200524,51.97116645,16.53735256,10.66317169,12.35910878
AACATAGCGTGTATCG-1,18.71488128,46.6376654,15.68485288,7.948160232,11.01444022
AACATTGAAGTTGATC-1,12.14060974,53.78467325,15.62571577,8.260099092,10.18890215
AACATTGTGACTCGAG-1,14.68329239,53.70502814,14.28837961,7.826735906,9.496563948
AACCATAGGGTTGAAC-1,12.17533427,57.60392257,14.54423724,7.041726562,8.634779355
AACCCATCCCATGATC-1,9.41628329,59.63786772,15.26751924,6.626429747,9.051899999
AACCCGACAACCCGTG-1,13.8936621,57.46650873,13.51662468,6.511402879,8.611801605
AACCCGAGCAGAATCG-1,12.94328753,60.26349341,13.51151406,6.233177504,7.048527491
AACCCGCTGTATTCCA-1,4.468115773,69.40198629,11.93556579,6.903959533,7.290372618
AACCGCTAAGGGATGC-1,11.78835638,49.32990243,16.54336871,10.13723598,12.20113649
AACCTCGCTTTAGCCC-1,15.32927797,56.79449881,14.22375033,5.252578683,8.399894208
AACCTTTAAATACGGT-1,14.92590855,56.4088413,13.88007395,6.672369547,8.112806645
AACGAAAGTCGTCCCA-1,12.14615478,54.84449034,15.15307982,8.401166322,9.455108735
AACGACCTCCTAGCCG-1,25.76123567,37.35583302,17.24900487,8.563263362,11.07066308
AACGATAATGCCGTAG-1,16.19138313,52.47336182,15.26741133,7.327430895,8.740412828
AACGCGACCTTGGGCG-1,11.92239859,63.96237507,10.90339016,5.773074662,7.438761513
AACGCTGTTGCTGAAA-1,11.07452128,68.15465301,10.65170549,4.573728503,5.545391714
AACGGACGTACGTATA-1,17.69692352,53.83369845,14.95380512,5.819601867,7.695971045
AACGGCCATCTCCGGT-1,12.79220179,60.67633743,12.19624873,5.959530629,8.375681419
AACGTACTGTGGGTAC-1,8.741641337,67.80547112,11.11651469,5.726443769,6.609929078
AACGTCATCCGGCTTG-1,17.81142626,48.63908913,14.41420198,7.351950414,11.78333221
AACGTCGCTGCACTTC-1,26.66216102,38.87809411,15.36425333,8.642392498,10.45309904
AACTAGGCTTGGGTGT-1,14.1191595,60.65254012,11.658835,6.18405887,7.385406508
AACTCCAGAGCGTGTT-1,23.39308841,44.74132643,15.949833,7.013836821,8.901915343
AACTCTCAGTGTGCTC-1,11.80251107,60.33465697,12.12385521,7.843092249,7.8958845
AAGAAAGTTTGATGGG-1,12.58472049,49.78040449,15.8144915,9.033237543,12.78714598
AAGACATACGTGGTTT-1,21.82298402,48.06999202,14.02591686,7.717280656,8.363826451
AAGACCAAATAACTCA-1,11.13218118,52.64836444,18.26487954,8.455803129,9.498771711
AAGACCCAACTGAACA-1,10.30802074,63.79993901,11.97858426,6.516214293,7.397241706
AAGAGGCCCTTTGGAA-1,6.94893585,78.5691008,7.371754698,3.497029405,3.613179247
AAGATGGCACCGGACC-1,10.14947284,65.30094755,10.30962231,6.506072334,7.733884959
AAGCACCCTGCGTATC-1,18.29626008,46.56563187,17.7218284,7.571498411,9.844781227
AAGCATACTCTCCTGA-1,17.92843574,49.68390894,15.34676591,7.305907633,9.734981782
AAGCCACTTGCAGGTA-1,11.52378665,59.15312575,13.10244848,7.150671042,9.069968071
AAGCCGAAGCGGTTTA-1,10.25684496,56.91277443,15.50394168,8.366533865,8.959905061
AAGCCGCCGTGAAATC-1,10.08439248,57.23640061,14.72292832,7.796644637,10.15963396
AAGCCGGAGAGCAGGA-1,16.04579631,55.43892198,13.5631286,5.880773362,9.071379748
AAGCGCAGGGCTTTGA-1,13.34659511,59.88156921,12.60794473,6.462805329,7.701085616
AAGCGTCCCTCATCGA-1,9.359295351,69.15719509,10.11221788,5.495613956,5.87567772
AAGCTAGATCGAGTAA-1,13.43244019,61.01919551,12.34786066,5.460449294,7.740054339
AAGCTATGGATTGACC-1,10.76112224,52.24199184,16.00608196,8.660214331,12.33058963
AAGCTCTTTCATGGTG-1,20.002616,44.49821785,17.58608286,7.592949871,10.32013342
AAGGGAACGACTGGCT-1,13.36829305,53.35157319,15.02254649,7.995136039,10.26245123
AAGGGACTATGCATTC-1,11.26457548,62.04609478,12.4115962,6.454220204,7.82351333
AAGGGTTAGCCATGCG-1,31.35140363,27.3327369,18.20248084,9.843557318,13.26982131
AAGTGAGTCGGGTTTA-1,13.1932517,58.06692892,13.32760818,6.935287274,8.476923929
AAGTGCGTTAGAATCT-1,16.52064396,49.90691052,16.06614829,8.525900778,8.980396452
AAGTGCTTCTCTATTG-1,13.40644547,56.15734432,13.50823332,7.481407299,9.446569585
AAGTGTTTGGAGACGG-1,19.96058559,43.29954955,17.85848348,7.939189189,10.94219219
AAGTTCACTCCAAGCT-1,17.99304751,45.9976825,17.65005794,7.439165701,10.92004635
AAGTTCGGCCAACAGG-1,7.796284355,56.16536688,15.5147032,10.78559001,9.738055552
AAGTTGTGATGTTATA-1,23.13317745,40.37112581,18.63588876,7.880204965,9.979603005
AAGTTTATGGGCCCAA-1,11.40897756,62.66890912,11.67720234,6.032882909,8.212028069
AATAACACTAGAACAA-1,14.40734932,59.54738965,11.59459258,6.874299798,7.576368661
AATAATCTTCGTATCG-1,16.59930836,50.447898,15.96600142,7.512186992,9.474605225
AATACCGGAGGGCTGT-1,16.4987261,50.66678908,15.00677118,7.760460899,10.06725274
AATACCTGATGTGAAC-1,34.69086305,27.72736864,17.37996125,9.075562547,11.12624451
AATAGAACAGAGTGGC-1,13.44227728,58.50127732,12.35959612,7.67608775,8.020761526
AATAGAATCTGTTTCA-1,20.33419185,42.55292418,19.33538539,6.445128463,11.33237012
AATAGTCCGTCCCGAC-1,12.93317858,58.34300558,13.78065182,6.870060244,8.073103779
AATATCGAATCAATGC-1,10.4092298,55.08752891,16.01793415,8.670074535,9.815232601
AATCAGGTTTCATTTA-1,11.51650811,62.308338,12.06771125,5.691102406,8.416340235
AATCATGTAAAGACTC-1,11.35991367,66.2632725,11.96307787,4.809897289,5.603838668
AATCCCGCTCAGAGCC-1,11.09865056,54.82038326,14.84995995,7.871094953,11.35991127
AATCGAGGTCTCAAGG-1,20.26518123,40.98932999,16.97395261,9.085203201,12.68633297
AATCGGTATAGCCCTC-1,34.83601597,27.01198112,17.49364638,9.89350115,10.76485538
AATCGTGAGCCGAGCA-1,17.9355476,45.07223114,16.8366465,9.527102111,10.62847265
AATCTAGGTTTACTTG-1,9.241815049,51.09707065,16.64560597,11.25215393,11.76335439
AATCTGGCTTTCTAGT-1,9.295996328,35.7281044,22.15627767,16.76230449,16.05731711
AATGACAGCAATGTCT-1,11.84587772,59.63497354,12.8015664,7.181650777,8.535931563
AATGTATGGCACTGTA-1,9.203369012,61.91144645,14.51911641,6.366614026,7.999454095
AATGTGCCCGAGGTGT-1,12.31764105,59.52752982,12.75081607,7.068488064,8.335524993
AATGTGCTAATCTGAG-1,14.66923398,53.6510584,14.1529103,7.737496627,9.789300694
AATGTTAAGACCCTGA-1,18.34502734,44.78014432,16.7744513,8.974006842,11.1263702
AATGTTGTCGTGAGAC-1,32.56025954,35.32723812,15.77070542,7.568973376,8.772823551
AATTAACGGATTTCCA-1,14.8848442,57.21858986,12.61707015,6.915238264,8.364257525
AATTACGAGACCCATC-1,9.134499154,44.54025304,20.32127219,14.57409944,11.42987617
AATTAGCGCTGCAGCG-1,15.44890309,52.61476065,14.76884,7.724451546,9.443044716
AATTATACCCAGCAAG-1,11.2144673,68.3730067,9.66412449,5.113242431,5.635159079
AATTCATTGTCATGCA-1,9.484652487,57.18774163,15.82493649,7.463272745,10.03939665
AATTCCAAGCATGTAC-1,8.972665031,66.25255246,11.62722858,5.786159205,7.361394718
AATTCGATTCGAGGAT-1,13.36146464,62.11937657,10.81875723,6.5949772,7.105424352
AATTCTAGAGTTAGGC-1,17.10837938,53.47919251,13.2626593,7.08244051,9.067328296
AATTGAACGCTCTGGT-1,17.66747578,41.90921259,17.34534153,10.90946213,12.16850797
AATTGCAGCAATCGAC-1,11.09848093,69.85222693,10.35031518,3.813165237,4.885811719
AATTGCGTGGATTACA-1,11.66014261,58.29738631,13.81252842,7.265549629,8.964393041
AATTGTGGTTGCCAAA-1,11.40171936,66.70552237,10.89902375,5.209092234,5.784642285
ACAAACCATGCGTCCT-1,10.82013726,50.40450903,17.87252534,9.044898585,11.85792978
ACAAACTCCATCAGAG-1,12.78441811,59.63502342,12.22048749,6.83883187,8.521239112
ACAAAGCATGACCTAG-1,13.48777242,61.68690734,12.9678922,5.402595242,6.454832807
ACAAATCGCACCGAAT-1,15.52302941,54.94830133,15.05751757,5.921847724,8.54930397
ACAAATGGTAGTGTTT-1,16.93359726,43.87259313,17.04756763,9.969407954,12.17683402
ACAAGGAAATCCGCCC-1,13.86723295,49.6741913,18.43728182,7.374330929,10.646963
ACAAGGATGCTTTAGG-1,17.02442159,53.61825193,14.48586118,6.208226221,8.663239075
ACAAGTAATTGTAAGG-1,12.07430341,54.56574298,14.10802,8.106422781,11.14551084
ACAATGAATACGGAGA-1,10.48725395,64.9979256,11.77952949,5.900520905,6.834770049
ACAATTGTGTCTCTTT-1,15.37647025,54.87794408,15.73419569,5.923933263,8.087456715
ACACACCAGGACCAGT-1,13.53732385,39.75174027,21.0417099,11.22262257,14.44660341
ACACATGATCAAATCT-1,11.86699698,58.72208996,13.67029149,6.597065826,9.143555756
ACACATTTCCGTAGAC-1,12.68772563,59.7833935,13.27436823,5.73465704,8.519855596
ACACCGGTCTGACCGC-1,13.20276156,51.58616253,16.19073543,8.243838464,10.77650203
ACACGTAGGCCACAAG-1,11.50929667,70.57235318,9.415391686,3.891963311,4.610995155
ACACTGATCAAGGTGT-1,15.1131398,57.21283643,12.5414011,6.671490996,8.461131676
ACACTGGGACAGTCGT-1,23.17966215,45.58542065,15.49055505,6.902721145,8.841641009
ACAGAACTGAGAACAA-1,10.88156124,60.65612382,13.04172275,7.116419919,8.304172275
ACAGCGACATTCTCAT-1,14.38296095,58.0580497,14.24932136,5.850908332,7.458759658
ACAGGCACGGATCCTT-1,25.07457598,41.38753942,16.06295633,7.747379187,9.727549078
ACAGGCTTGCCCGACT-1,18.63072672,44.14316006,19.26363812,6.39015614,11.57231896
ACAGGTGGAGGTGAGG-1,14.42002011,58.12026194,12.07510257,7.841752031,7.542863354
ACAGTAATACAACTTG-1,9.297229613,32.81682058,22.22570042,18.06751187,17.59273752
ACATAAGTCGTGGTGA-1,12.10549813,48.80318692,17.62079742,10.18922353,11.281294
ACATACAATCAAGCGG-1,25.19628029,42.13860669,15.2815802,7.581962577,9.801570242
ACATCCCGGCCATACG-1,12.90172333,55.98509548,15.20938307,7.469195918,8.434602193
ACATCGCAATATTCGG-1,13.46237732,51.40130862,14.51653944,8.162486369,12.45728826
ACATCGTATGCAATGG-1,15.41690674,50.32512964,16.12204022,8.148818833,9.987104563
ACATGCTTACGGCAGC-1,10.94795813,59.69040248,12.90284535,6.256818517,10.20197553
ACATTAGTTTATATCC-1,14.34707904,56.00229095,14.95227186,6.786941581,7.911416571
ACATTCGCGCGGAATA-1,11.37338815,61.55207762,11.80582785,6.92687736,8.341829018
ACATTTGAAACCTAAC-1,28.28576216,36.86532983,16.68435458,8.445511925,9.719041501
ACCAACCGCACTCCAC-1,11.78768382,56.71875,16.10294118,6.079963235,9.310661765
ACCAACGCTTATTTAT-1,13.2462908,59.59050445,12.52818991,6.747774481,7.887240356
ACCAAGTCATCGGCAG-1,37.5412498,25.92844796,17.62610654,8.501388089,10.40280761
ACCAATATGCAAGTTA-1,22.29804344,39.4144463,18.40473426,7.780955347,12.10182065
ACCACACGGTTGATGG-1,22.35742214,38.41512741,17.3115815,8.332209788,13.58365916
ACCACGTGCAGCTATA-1,21.36636346,39.01683762,18.78588478,8.302690149,12.52822399
ACCAGTGCGGGAGACG-1,14.07320694,53.72316126,16.29739607,7.117976245,8.788259479
ACCCATTTGTCCCTCT-1,8.529402401,69.68703238,11.28975771,4.489159158,6.004648349
ACCCGAGCGAAATTAC-1,19.72109386,46.54722182,15.79138256,8.0570869,9.883214856
ACCCGATTGGTTCCGA-1,10.95584935,62.65077687,12.68480575,5.74725959,7.961308446
ACCCGGAAACTCCCAG-1,13.96507765,59.38345051,12.17646604,6.64065518,7.834350614
ACCCGGAGCACCACAA-1,19.27262632,51.38811771,15.5247085,5.730149917,8.084397557
ACCCGTAGCAGAGAAT-1,12.51508788,45.91345756,18.55189405,9.900957357,13.11860315
ACCCGTAGTCTAGTTG-1,9.439655172,56.63793103,13.44827586,9.439655172,11.03448276
ACCCGTGTCATCAGTA-1,14.6887265,53.29054362,14.70173689,7.903809875,9.415183121
ACCCTATGCCATATCG-1,11.61215083,63.09213084,12.36741267,5.964347198,6.963958461
ACCCTCCCGTCAGGGC-1,20.60405461,51.65198889,14.2502512,5.798215025,7.695490277
ACCCTCCCTTGCTATT-1,20.55793157,43.30287714,19.30404355,5.890357698,10.94479005
ACCGAAGAGTCTGGTT-1,9.264873058,54.30087154,16.26563092,9.208033346,10.96059113
ACCGACACATCTCCCA-1,15.0221832,58.59136704,11.98354746,5.511137813,8.891764488
ACCGAGTCTCCTTATT-1,23.01768665,42.91751448,14.66270152,7.944905306,11.45719205
ACCGATAGGCATAACC-1,15.16159696,60.87724063,11.06282817,5.683052689,7.21528155
ACCGATATTTAATCAT-1,16.00638714,49.91878424,16.7276932,6.797346034,10.54978939
ACCGCAATAACTGCCT-1,14.28472343,49.85607768,17.97121554,7.823825212,10.06415814
ACCGCTAGTCATTGGT-1,10.38166913,58.77570219,13.78174976,7.156296197,9.904582717
ACCGGGCCTTTGTTGA-1,13.4529148,38.91699805,20.91547508,11.87410102,14.84051104
ACCGGTCAGGTACACC-1,8.961779273,61.91944678,14.86153942,5.821885805,8.435348721
ACCGTCCACTGGGCCC-1,11.18514685,53.29926252,17.07853539,7.976452322,10.46060292
ACCGTGACCACGTGGG-1,10.1876303,66.99096595,10.33433712,5.38336808,7.103698556
ACCTAAGTACCTTTCA-1,14.93940002,53.22483596,14.65860577,7.297785164,9.879373084
ACCTACTATAAATCTA-1,14.76412847,56.18602878,13.20880587,5.906795006,9.934241876
ACCTCAGCGAGGCGCA-1,27.5189239,34.8762275,17.06219313,8.385331424,12.15732406
ACCTCCGCCCTCGCTG-1,9.345432121,66.44348516,12.8094441,4.202272927,7.199365695
ACCTCGAACTTATGCT-1,11.63057137,51.0459014,16.45847192,9.413112573,11.45194274
ACCTGCGTGTCATGTT-1,7.42870894,34.50848273,23.27517748,16.61893876,18.16869209
ACGACCCATGAGTTGC-1,13.64059494,60.08564159,13.50406487,5.107465712,7.662232887
ACGACTCTAGGGCCGA-1,27.99408015,37.7276867,15.67243473,8.071493625,10.5343048
ACGACTGGTCATACTC-1,7.095492653,71.41062717,10.12083857,5.071130196,6.301911411
ACGAGGATACCACTCT-1,10.57185459,44.74452401,17.49795241,12.94705672,14.23861226
ACGAGGTTTACAACGT-1,7.943240534,60.5382895,14.23356726,8.112901982,9.17200072
ACGCAAACTAATAGAT-1,12.80846599,58.97003147,12.91794006,6.737216622,8.566345847
ACGCATACGTTTACTA-1,13.3220554,62.48101655,12.77610104,4.977027625,6.443799381
ACGCCACTCGAAACAG-1,15.90164184,54.63359605,14.15308627,5.588670214,9.723005625
ACGCCAGTGCGTTTGC-1,31.1693179,30.1823936,17.48146914,9.606895977,11.55992338
ACGCGAAGTCAGACGA-1,13.43778246,59.73184694,12.32801044,6.357336547,8.145023601
ACGCTACTGAATGGGC-1,28.5037983,32.34614114,17.57128702,9.226026643,12.35274689
ACGGAACACGAGTGCC-1,33.44783419,30.82789939,15.51001397,9.519096414,10.69515603
ACGGACGCAGCGACAA-1,13.26181703,53.20649567,14.78162351,8.377818379,10.37224541
ACGGACTCTCAAAGCG-1,14.73792131,58.27245931,12.31150412,6.856337306,7.821777949
ACGGATGGTGCGGATA-1,23.15841434,39.32260024,18.43863913,8.121962333,10.95838396
ACGGCACTTGCTTGGG-1,13.94662403,56.51211413,13.75804534,7.231582831,8.551633665
ACGGCCAACATGGACT-1,12.66705623,58.53989557,13.06667169,7.458860342,8.267516164
ACGGCGACGATGGGAA-1,21.62665563,37.70695364,18.81208609,10.14072848,11.71357616
ACGGCTGGATGTAGAA-1,10.08433814,58.95763326,15.34339241,7.475126837,8.139509345
ACGGGAGTGTCGGCCC-1,9.417960893,42.63586787,19.06815684,15.65720447,13.22080992
ACGGGTTGTGACCTGT-1,12.36979167,57.00231481,13.80047582,7.450810185,9.37660751
ACGGTACAGTTCAATG-1,32.07917036,31.09270267,17.11142026,9.580118882,10.13658783
ACGTACTTTGGCACGG-1,11.21197021,63.72439428,10.89278259,6.35951031,7.811342608
ACGTAGGAGAGTCGCT-1,17.71141013,49.65539875,15.16974802,7.668745214,9.794697881
ACGTCGGGCAACTCGG-1,12.49273911,50.74611918,17.31397096,8.923385078,10.52378568
ACGTTCACTATGCCGC-1,8.652584213,67.0895569,10.64516801,5.765264671,7.847426203
ACGTTCGTTCAGGAAA-1,11.51230019,63.394173,11.66534407,6.172769527,7.255413218
ACGTTCTGTACAAGTC-1,8.451566806,71.30243952,10.57976932,4.623864448,5.042359906
ACGTTGTCGTTGAAAG-1,15.72125665,47.50260431,16.71144251,8.921541751,11.14315478
ACGTTTCGGTGCACTT-1,29.44761511,31.99648788,17.61227178,8.630529659,12.31309558
ACTACAAAGAGAGGTG-1,16.25107135,54.86393829,12.22144847,7.195468181,9.468073709
ACTACATCCCGACAAG-1,11.57100417,51.12751796,17.52134074,8.964989909,10.81514722
ACTACCATCCGAGGGC-1,14.15557546,50.52651082,15.89105395,8.149337615,11.27752216
ACTACGCGTTAGAATT-1,16.00990865,54.98439245,12.92133223,7.12649274,8.957873937
ACTAGTTGCGATCGTC-1,15.84390926,56.07574698,13.4605776,6.745278305,7.874487858
ACTATCTGCCCGCGTA-1,14.30905411,51.25216416,17.20597918,6.488819527,10.74398303
ACTATGTCCAGCTGCC-1,12.90963644,56.89903752,14.06434685,6.31259011,9.814389069
ACTATTTCCGGGCCCA-1,9.892346068,65.36694237,11.02358759,6.085072863,7.632051114
ACTCAAGTGCAAGGCT-1,20.86701979,45.46417619,17.1563981,6.649010315,9.863395595
ACTCATGGCAGCCTTC-1,16.87268446,50.62844084,15.04103044,7.021917524,10.43592673
ACTCCAATATCATCAT-1,9.510571195,65.97827357,11.90748744,5.662889849,6.940777947
ACTCCCATTCCTAAAG-1,9.077902989,36.42920137,21.83243508,16.97403234,15.68642822
ACTCCCTAATGCTAAA-1,16.88953724,53.52135505,13.62076884,6.929248724,9.039090148
ACTCCCTAGAATAGTA-1,20.04278075,46.75935829,16.54188948,6.86631016,9.789661319
ACTCCGGCCGACCACT-1,18.44110031,52.75640785,13.71261305,7.824520584,7.265358202
ACTCGCCGTTCGATAA-1,23.51351351,45.38538539,15.18852186,7.457457457,8.455121788
ACTCGTAACCCGTCCT-1,7.983632002,54.77635107,15.87413574,11.39551291,9.97036828
ACTCTGACCTAATAGA-1,21.74904097,48.88530605,14.19914383,6.904986935,8.26152221
ACTGAAACGCCGTTAG-1,13.3340686,56.71115033,15.20532333,6.132127495,8.617330245
ACTGAATGGCGAAAGT-1,13.21875748,49.59725656,19.11635697,7.668075604,10.39955339
ACTGCCCGCCATTCTC-1,14.2936687,53.59189747,14.32342917,7.395958335,10.39504632
ACTGCTCGGAAGGATG-1,11.34596512,35.52502453,20.93555774,16.96987997,15.22357263
ACTGGGATGCCAGTGC-1,21.05287656,43.20424502,14.78619748,8.811208341,12.1454726
ACTTACGCATCCACGC-1,22.17204787,41.97335742,17.70151276,6.344547302,11.80853466
ACTTATTTATGTGCCA-1,11.58237576,47.2956159,17.97921394,11.46161165,11.68118276
ACTTCAGGCTGATCCC-1,16.71173607,43.88858843,19.43392825,7.733910222,12.23183703
ACTTCCATGCGGGACA-1,23.14035901,42.80320593,16.44697622,7.004702921,10.60475591
ACTTGCTCTATCTACC-1,13.40643394,49.73225965,17.90590255,7.69191465,11.26348921
ACTTGGGCTTTCGCCA-1,18.4138997,47.26323083,16.24829007,7.013803763,11.06077564
ACTTGTGGATGGAACG-1,15.8219994,50.82398491,15.27350342,8.540156855,9.540355406
ACTTGTTACCGGATCA-1,9.849300323,66.42486077,11.01074866,5.459353208,7.25573704
ACTTTGGTCGTGCTCC-1,7.589445839,65.20803443,13.30703013,6.53358142,7.361908178
ACTTTGTCGACGCACT-1,15.3337243,56.12286039,14.01971924,6.053219954,8.470476121
AGAAATTATGACTCGC-1,11.82962807,55.33136656,16.10999895,7.10409862,9.624907807
AGAACACGGCGATGGT-1,12.790809,47.45811393,17.09270783,9.114408808,13.54396043
AGAACCCTCAATTGGG-1,13.61264192,51.92483899,16.91786734,8.278334772,9.266316978
AGAACTGTACTTTGTA-1,23.25819196,46.25145248,13.31164304,7.808505694,9.370206832
AGAAGGTACACTTCAC-1,9.59161588,40.71310588,19.71483359,14.76903799,15.21140666
AGAAGGTTGTAGGTCG-1,13.42425802,63.40710242,10.49636873,5.798593241,6.873677589
AGAAGTGATTCGTGAT-1,11.78716441,55.4390643,14.8071834,8.629780013,9.33680787
AGAATACAGGCTATCC-1,29.54205734,31.90650904,17.52955565,9.498573176,11.5233048
AGACAGGCATCTCAGC-1,20.74374854,47.60458051,14.52442159,6.353704136,10.77354522
AGACCAAACCACACCT-1,9.477549147,34.62403427,23.88434177,16.42163237,15.59244244
AGACCCACCGCTGATC-1,13.97548499,60.6312132,12.80442686,5.047775311,7.541099636
AGACCGCTCCGCGGTT-1,15.09439036,47.2435863,17.31834561,9.463238853,10.88043887
AGACGAAGTGCCGGTC-1,13.02165874,56.60327522,15.08188061,6.339144216,8.954041204
AGACGACGATGCCGCT-1,11.53338708,63.21923331,11.46008942,6.255955435,7.53133475
AGACGCCCACTTCGCC-1,12.10526316,65.59363525,10.86903305,4.638922889,6.793145655
AGACTGTTACCGGGTC-1,13.47442609,60.13077221,12.03837614,5.854195099,8.502230461
AGAGAAACACCAGAAA-1,16.22404844,52.79411765,14.40599769,6.820934256,9.754901961
AGAGAAGGAGTACAAT-1,15.22823877,57.73424506,12.64091665,6.911846239,7.48475328
AGAGCCGCCGAGATTT-1,9.7238041,69.22930904,10.35180967,5.177486712,5.517590483
AGAGGCTTCGGAAACC-1,15.31129787,56.39379609,14.58848896,5.762869674,7.943547399
AGAGTAAACTTCACTA-1,10.85125406,44.00734083,19.08616065,12.46529575,13.58994871
AGAGTCTTAATGAAAG-1,29.08383869,29.20621108,19.33483806,9.398199766,12.97691241
AGATAATCACACCTAT-1,11.46206662,54.33093145,14.9903799,7.019843815,12.19677821
AGATACCAATAGAACC-1,19.48482061,54.71205152,13.79944802,5.608095676,6.395584177
AGATACTCAAGATCGA-1,10.05039656,57.2538004,16.08559154,7.931262393,8.678949108
AGATATAATACGACTA-1,15.58409753,56.88318049,13.30648453,6.465482054,7.760755395
AGATGCAAGACGTGCA-1,10.26061535,64.65114621,12.18581768,5.936040501,6.966380263
AGATTCACAACCGATA-1,8.246733043,38.58742999,21.58058494,15.85407592,15.7311761
AGCAAAGGCCGCTAGT-1,17.64790834,47.00813556,16.66586434,8.044095701,10.63399605
AGCAACCGAAAGTAAT-1,11.01644372,60.17721735,14.08082701,5.878844679,8.846667235
AGCACACGTTTAGACT-1,15.42230712,52.41092932,15.52030562,6.906403123,9.740054813
AGCACTACCTCACCAG-1,17.16032948,42.88210334,20.17638739,7.375821616,12.40535818
AGCAGAAGGAGAAAGA-1,16.67550371,54.18875928,13.3660304,7.051961824,8.717744786
AGCAGCCAGATGAATA-1,14.73780526,57.72070423,12.98037483,6.559601186,8.001514482
AGCAGTCGAAGCATGC-1,23.52643729,42.06661537,16.44937892,7.34747719,10.61009124
AGCATATCAATATGCT-1,12.47633894,60.71150206,13.90713729,5.678654938,7.226366774
AGCATCATTTCGAAAG-1,10.27134326,59.75785813,14.58757136,6.855764814,8.527462432
AGCATTACGAGGCAAG-1,26.34696914,41.08712132,15.81267372,7.925990398,8.827245417
AGCCAAGCTTTGTGTC-1,15.41349133,55.11408607,13.2244861,6.614504421,9.63343208
AGCCACAGGTTACCCG-1,23.76483363,40.95245482,18.93533959,6.398821066,9.948550893
AGCCATATAGTATGTG-1,13.7411397,55.0985098,13.63323473,7.149634425,10.37748135
AGCCCGCAACAAGCAG-1,9.56162226,62.60664129,12.08820055,6.464102901,9.279432996
AGCCCGCACTACAATG-1,22.19418372,37.05800892,19.3814433,9.259886136,12.10647792
AGCCCGGCATTAGAGG-1,15.17662035,57.0976981,12.67635515,6.412432375,8.636894028
AGCCCGGTAGCCTGTA-1,14.80504058,55.30118097,14.1419806,6.99676717,8.755030679
AGCCCTCCCTGGTGGC-1,16.77136806,47.79409125,16.34538297,7.771834727,11.31732299
AGCCCTTGGACATCCC-1,18.17831147,57.74997484,12.38721363,5.338275249,6.346224801
AGCCGTGGCTAAATGT-1,9.737868966,54.87758827,16.47995469,9.398011203,9.506576877
AGCCTAATACCCACGT-1,8.140104007,30.98195167,23.12939737,20.5659223,17.18262466
AGCCTTGTCACTGATA-1,12.17835362,52.66245137,16.19639946,7.383094534,11.57970102
AGCGACAGGAACGGTC-1,13.99009292,56.91004485,13.1078348,6.946683472,9.045343963
AGCGACTTTGAAGACA-1,14.76884211,51.40547368,14.58526316,7.872,11.36842105
AGCGAGACGTGAAGGC-1,17.13509395,47.0880835,16.29695654,8.418752426,11.06111359
AGCGATGCGCCTAATA-1,20.7211065,47.86537062,15.5868625,7.168243909,8.658416478
AGCGCATAATGAATCG-1,14.94352016,56.63907642,12.96796988,7.185628743,8.2638048
AGCGGACACTTCGTAG-1,13.6509594,57.13353348,13.48910064,6.837227516,8.889178958
AGCGGCGGTTAGCGGT-1,9.392739505,33.68140725,21.49064405,18.83278436,16.60242484
AGCGGGTCTGACACTC-1,16.21501178,57.83163211,11.76495554,5.742418776,8.445981792
AGCTAACAAGCAATGT-1,14.56934357,53.84747156,14.92736741,7.497944361,9.157873099
AGCTAAGCTCCGTCCG-1,11.66366444,53.49330932,15.00686224,8.646423057,11.18974095
AGCTAAGTACGCAGGC-1,15.01518987,55.8835443,14.44050633,6.06835443,8.592405063
AGCTACGAATGGTGGT-1,31.93516425,23.09392546,19.7454333,9.763471457,15.46200554
AGCTCCATATATGTTC-1,13.73340692,64.3622738,11.26731926,4.688180788,5.948819241
AGCTCCTTCGCACATC-1,18.47681059,45.0872605,19.18129903,5.90809628,11.3465336
AGCTGTAACCTCAATC-1,12.57153758,58.72758489,13.46814193,6.285768791,8.946966807
AGCTTCTTCTCGAGCA-1,26.88071244,38.10639794,17.32677135,7.569721116,10.11639716
AGGAACGAACGACTTC-1,21.78323545,50.2455953,12.66951415,7.143619861,8.158035238
AGGAAGCTGTCCGCCG-1,16.74833046,54.28025502,12.5314516,7.741349628,8.698613292
AGGACATCGGCACACT-1,19.418588,50.36517256,14.30139863,6.114850351,9.799990453
AGGAGGCCTTCGCGCG-1,14.39679882,58.21721486,14.33720237,5.653148679,7.39563527
AGGATAAAGTCGGGAT-1,17.03556527,55.39837075,13.12139877,6.532882972,7.911782237
AGGATATAGGGATTTA-1,14.15059948,34.53499676,21.61779002,13.70098833,15.99562541
AGGATATCCGACTGCA-1,26.65093521,39.03945588,16.21265225,8.068154215,10.02880244
AGGATCACGCGATCTG-1,8.339169706,34.42896129,23.1265245,16.99712609,17.10821842
AGGCACGTGACTGTCC-1,22.90792176,48.97740466,13.57863713,6.51603108,8.020005359
AGGCAGGGAGCGTACT-1,13.34031223,58.74106777,13.02626189,7.113922898,7.77843521
AGGCATTGTCGTAGGG-1,14.43667567,48.8320356,16.87589385,9.09740982,10.75798506
AGGCCCTAGAACGCCA-1,8.993090353,37.28044728,21.09464283,15.80252123,16.82929831
AGGCCTATCATACCAA-1,17.77465643,50.4509106,14.00137268,7.790777482,9.982282805
AGGCCTGAGAATCTCG-1,19.10037373,53.8774693,12.53336893,6.106513615,8.382274426
AGGCGATAACTGGCGT-1,21.19708029,43.668215,17.91639018,7.317850033,9.900464499
AGGCGGTTTGTCCCGC-1,13.26087645,52.88190374,16.14119586,7.985043886,9.730980069
AGGCTTAAGTTGCACA-1,17.75998161,43.87309372,17.48537564,8.134722967,12.74682607
AGGCTTCCCGAAGAAG-1,11.71196492,60.91233593,12.68163804,6.644368869,8.049692234
AGGGACTCTACGCGAC-1,13.90137113,59.30406729,12.44767062,6.031800899,8.315090064
AGGGCCCTAATGTTCT-1,21.73136134,46.95953376,15.55421157,6.853419837,8.901473499
AGGGCGAGCAGCTGAT-1,11.52498274,26.80932406,24.64822386,17.10030266,19.91716668
AGGGTCAGAGCACTCG-1,12.77454803,55.10246556,14.66846114,7.425804393,10.02872088
AGGGTCTGGACGCAGT-1,17.83380019,50.04668534,13.13414255,8.029878618,10.95549331
AGGGTGCCGTTCTTTA-1,13.31266868,62.08481415,11.20879317,6.212756861,7.180967141
AGGGTTCAGACGGTCC-1,10.97513489,65.02753518,10.67289685,5.81854592,7.505887152
AGGTAGATCGAGATAT-1,7.171173722,69.21279909,11.06234367,5.974798244,6.578885271
AGGTCAGGTGAGAGTG-1,10.20302512,36.15287656,21.30638336,16.65841361,15.67930134
AGGTCGCCTCCCAACA-1,14.31045969,59.66688874,11.89873418,6.16922052,7.954696869
AGGTGCACGTCCACAT-1,33.13014651,27.24842263,19.74120415,9.635333119,10.24489359
AGGTGGTGACCTTCGC-1,11.53200764,62.51470673,10.96302583,6.665766582,8.32449322
AGGTGTTGCCGACCAC-1,17.88229376,50.05030181,15.98759222,6.363179074,9.716633132
AGGTTCTCCTTTCCGG-1,12.84783698,56.54250877,14.64506431,6.995156172,8.969433773
AGTAACTATAGCAGCC-1,33.56620923,29.55622884,16.88825521,9.452860453,10.53644627
AGTAAGGGACAGAATC-1,33.55686452,25.01132759,17.38710165,10.82011781,13.22458843
AGTAATCTAAGGGTGG-1,15.1880159,62.1644757,10.58391929,5.96147967,6.102109447
AGTAATTTGCAAGCGT-1,9.84084918,58.33462552,14.12763078,8.474886875,9.22200764
AGTACAGAAGCTTATA-1,22.40118056,41.85517023,17.10129651,7.962474966,10.67987773
AGTACTCTTATGCCCA-1,16.28698468,50.78772575,15.76549377,6.883680079,10.27611572
AGTAGAAGGCGCCTCA-1,14.44417734,58.36395481,11.70026443,6.706961091,8.78464233
AGTATACACAGCGACA-1,10.55866522,62.39959899,12.95158076,6.129682894,7.960472138
AGTATGCTGGAGACCA-1,6.899480009,69.65089632,11.36535486,5.500040715,6.584228098
AGTATTTGGCACGACC-1,14.34602395,57.49923242,12.51918944,7.069389008,8.566165183
AGTCAAATGATGTGAT-1,15.27338377,54.36726272,13.24621733,7.7630674,9.350068776
AGTCAAGATGACACTT-1,14.77207814,52.43916372,16.95418714,5.860847709,9.973723295
AGTCACTAGCTCTCGA-1,12.12763169,61.10334585,13.89883812,5.929501179,6.940683148
AGTCGAAACGATTCAG-1,12.68765824,43.0267803,19.30131108,11.60004279,13.38420759
AGTCGAATTAGCGTAA-1,25.78023054,34.00935189,17.70878643,9.534036538,12.96759461
AGTCGGCTCAACTTTA-1,10.33335551,43.27633242,18.83913323,14.05283119,13.49834764
AGTCGTATAAAGCAGA-1,18.13155997,49.61140934,14.89731058,7.932056726,9.427663382
AGTCGTCGACCACCAA-1,15.32420328,57.53878107,14.42850652,5.510482248,7.198026871
AGTCGTGGGCATTACG-1,11.7731069,58.69787947,13.12055637,8.149895992,8.258561272
AGTCTCACAAGACTAC-1,14.83565498,54.90976463,13.95274366,7.349207438,8.952629292
AGTCTTTAAAGTGTCC-1,18.90431733,48.10198569,15.79072082,7.478318563,9.724657599
AGTGACCTACTTTACG-1,12.57959738,59.02776503,12.24744463,7.079808416,9.065384545
AGTGACTGTGACACAA-1,15.00914977,49.61289414,16.03556682,8.372043919,10.97034535
AGTGAGTCGAATTAAC-1,32.04830182,33.91824896,16.61763798,8.331447615,9.084363621
AGTGATAACCTGCGCG-1,19.79780598,44.26758443,17.78446978,8.169498817,9.980640998
AGTGATATGAGTAGTT-1,9.187863347,64.6971935,12.41852208,6.443700622,7.252720448
AGTGCACGCTTAAGAA-1,17.08987082,54.92044132,13.79941232,5.996008205,8.194267339
AGTGCGTAGCTCGTAA-1,10.24757963,63.21484,13.28504915,6.243440987,7.009090237
AGTGCTAAACACAGCA-1,20.5934972,44.89732421,17.36932172,7.035625389,10.10423149
AGTGGCCCGCAAATGG-1,18.75387329,52.19049435,13.63715816,7.565428803,7.853045399
AGTGGCGTCTGAAGGT-1,24.19453955,38.45140901,18.77505633,8.454042665,10.12495245
AGTTAAGTCAACCGCT-1,10.50419497,60.56092689,13.10427487,7.872153416,7.95844986
AGTTGACGGTCCTTGC-1,13.04728546,61.66683836,10.81350228,5.815390955,8.656982933
AGTTGCGGTCCTCAAC-1,11.81547326,46.64138678,17.80261992,10.86255294,12.8779671
AGTTGGCAAGGCTAGA-1,29.30140161,37.30714049,16.22778943,8.025604238,9.138064231
AGTTTGCACCTGCCTC-1,19.68821938,40.80610638,19.8295707,7.027179839,12.64892371
AGTTTGGCACGGGTTG-1,12.28932863,63.58805568,11.11551731,5.401118293,7.605980093
AGTTTGGCCAGACCTA-1,9.369836095,58.64856416,13.46076549,9.18672681,9.334107454
ATAAACGGACCCGTAA-1,12.87412374,63.11490399,12.38240374,5.845778726,5.7827898
ATAAACGTTGCACCAC-1,11.68666132,67.93240647,10.50211041,4.565740307,5.313081496
ATAAGGTGGAGAACAT-1,17.68840673,47.83669277,16.31146489,8.078700732,10.08473488
ATAAGTTACCGCGACG-1,10.69925471,64.19552828,12.25339763,5.464708461,7.387110916
ATAATAGCTGTTGAAT-1,15.36242571,55.21624084,15.3168785,6.187914805,7.916540147
ATAATCTTGGAGAACC-1,17.95465161,51.80671734,14.22444907,7.152562524,8.861619464
ATAATTAGCTAAGTAG-1,12.94397627,55.92267193,14.19746043,7.579585649,9.356305726
ATACAGCGTCCACTGA-1,12.21192009,46.38628556,18.78064236,9.075142581,13.54600941
ATACAGGCCCTCCAAT-1,21.78705745,38.98327065,19.68616262,8.504733498,11.03877577
ATACCCTCCCGGCCAA-1,13.74646467,49.29013469,16.29563253,8.165551231,12.50221687
ATACCTAACCAAGAAA-1,13.88750931,60.57859449,11.52636371,6.71095108,7.296581409
ATACGAGGTTTGTAAG-1,14.48841267,55.08190647,13.20075962,7.387793543,9.8411277
ATACGGAACGTCGTTT-1,12.28205375,61.20797611,12.15682497,6.658318081,7.694827088
ATACGTACTTAGCCAC-1,23.44365068,38.3364922,18.85114448,8.244642076,11.12407056
ATACGTCCACTCCTGT-1,11.69924578,55.27469743,16.05503693,7.507162207,9.463857652
ATACGTTATGCACGGA-1,14.93427459,58.08990587,11.61419453,6.820025966,8.541599048
ATACTACCCGTACCAC-1,10.59365929,70.39899824,10.33638796,4.135693551,4.535260971
ATACTGCCTTACACCG-1,21.04442712,40.44189908,20.63099393,6.394659256,11.4880206
ATAGCAACTAGGGAAG-1,16.58247401,55.60890076,14.07756857,6.800818269,6.930238384
ATAGCCATAACAGTCA-1,32.00197726,29.16460702,18.44125886,9.372219476,11.01993739
ATATAAAGCGCTCGTG-1,15.2419289,56.20257296,13.28909076,6.747898931,8.518508445
ATATAAATGTAGCTGC-1,19.21465434,44.39221297,17.61790404,8.223902713,10.55132594
ATATAACACGGGCGCA-1,24.70588235,38.96937287,17.46232377,9.567331065,9.295089937
ATATACGCTCGTGACG-1,13.59979762,65.43890716,10.66869045,4.791297749,5.501307024
ATATAGAGTATTGGTC-1,8.811376377,61.71225594,14.82940267,6.803353953,7.843611057
ATATCAATTCCAGCCT-1,9.07639132,38.5500525,21.77108855,14.58916696,16.01330067
ATATCGTTCCTCGAAC-1,17.08885341,52.66473914,15.45764467,6.149398006,8.639364778
ATATGGGATAGCAACT-1,16.7152143,50.49432495,13.95015138,8.420025541,10.42028382
ATATGTCTAGAGCGTG-1,14.54044819,54.3699305,13.24995438,7.638462687,10.20120424
ATATTCAGTTAAACCT-1,9.755741249,60.38391866,13.09238591,7.730964764,9.036989423
ATATTCCACATAGTGA-1,16.97320512,51.29306321,15.10596583,7.160862665,9.466903184
ATATTGGAGAGGCCTT-1,18.66410643,52.63475518,13.7813743,6.229598135,8.690165958
ATCAAACACTGTTCCA-1,9.509677758,48.76959845,17.5617827,11.90482443,12.25411666
ATCAAACGAAGGTTTG-1,12.2880408,60.65500425,12.56767035,6.945997942,7.543286654
ATCAAAGAGCCGTGGT-1,7.681097359,70.83931926,9.684771798,5.343822522,6.45098906
ATCAAGATCCCAGGAC-1,11.46597761,63.22825151,11.42463394,6.10163652,7.779500431
ATCAATGCCGTGGCTG-1,12.92807205,53.71884504,15.72856184,7.970928625,9.653592448
ATCACGTGCTAATTAA-1,9.38657242,60.99712842,13.98630475,7.581762191,8.048232222
ATCAGAAGCTGGTTGC-1,12.21369625,50.60952657,16.38048357,8.174315911,12.6219777
ATCAGACGGCACGCCG-1,11.2082349,61.37698279,11.96085049,6.439419507,9.014512319
ATCAGCCTCATGCTGC-1,18.3871851,47.09748083,17.50638919,5.791347207,11.21759766
ATCAGCTCGTCCACTA-1,8.600327409,32.00420954,23.90473963,18.63306829,16.85765513
ATCATAGATCGACGAG-1,18.92850545,49.65084057,13.68803498,7.906890818,9.825728185
ATCATAGCCCTATGTA-1,14.15604352,64.39297871,11.35954081,4.164720016,5.926716946
ATCATTGTACCGCATT-1,10.22878791,48.19784546,18.97394654,10.68594044,11.91347965
ATCCACATCGACAGAA-1,16.17213285,54.83505796,13.54294552,6.371275052,9.078588625
ATCCAGAGCAACAACC-1,11.58472523,62.57424044,12.3930616,5.750552113,7.697420614
ATCCCATCCACAGCGC-1,8.456211023,64.81264069,13.49159333,5.538382,7.701172948
ATCCCATTTCCGTGGG-1,11.88447744,62.03485811,11.35090921,6.784118794,7.945636444
ATCCGGACCAGCCTGA-1,18.37655017,48.65338845,15.87957744,6.363522485,10.72696146
ATCCTACCTAAGCTCT-1,11.51189167,59.71954908,13.75446797,5.902873247,9.111218037
ATCCTGCGTGGAATGG-1,8.169635425,63.34276677,13.55918096,7.262360579,7.666056268
ATCGCCGTGGTTCATG-1,12.36817892,62.87069149,11.74888527,5.170217284,7.842027037
ATCGGAGACAGACGGC-1,17.01132075,43.96981132,18.87798742,9.056603774,11.08427673
ATCGTGGAAAGTCTGG-1,16.17629938,49.00790021,15.71725572,8.038253638,11.06029106
ATCGTTAGCTAGCGGA-1,12.15750861,60.87737685,13.83440635,5.704446773,7.426261416
ATCTAATATCCTACGG-1,16.43153527,55.55423829,12.71369295,6.323651452,8.976882039
ATCTACCATCTGCTCC-1,16.22142477,55.74162679,13.56990962,6.545720362,7.921318448
ATCTAGCTTGTGAGGG-1,17.19868269,52.2804629,13.45647894,7.23603113,9.828344342
ATCTCCCACGGAATAT-1,8.786136869,73.46116729,9.015510706,4.00704905,4.730136086
ATCTGACATGGAAGGA-1,10.92981889,65.52069858,10.92173351,5.292690815,7.335058215
ATCTGCTGTTATCGCC-1,12.00488462,64.2890691,10.59899177,5.739424492,7.367630022
ATCTGGGCTGTTCTTG-1,19.95760419,48.19592279,14.73029046,7.482410247,9.633772325
ATCTTATCGCACACCC-1,15.13222331,58.38393732,13.73163565,5.788442703,6.963761019
ATGACGCGTTCTATCC-1,9.739353037,61.84713588,12.46384521,7.834369494,8.115296386
ATGACTATCAGCTGTG-1,10.85716764,64.23227877,11.40577227,5.477372769,8.027408548
ATGACTATGCGACATT-1,19.30895629,44.11248945,18.30226668,7.404039748,10.87224784
ATGATGCAATGGTACA-1,11.35387812,59.63642659,12.90512465,6.617036011,9.487534626
ATGCACGCGCTGTTCA-1,9.168433224,56.50414338,15.66775872,8.272306803,10.38735787
ATGCGAGTCCCACCAC-1,9.207678082,62.12709836,14.15771894,6.278939748,8.228564875
ATGCTCTGGCGCGGTA-1,20.45358143,44.75864604,16.66148234,7.465429969,10.66086022
ATGCTTAGGAGTTGAT-1,12.12942703,62.25045021,13.67852371,5.222392193,6.719206862
ATGGACTGCTTAGTTG-1,10.31020237,62.03767243,11.54821091,7.213780548,8.890133744
ATGGCAGCATTACGAT-1,13.941144,48.9192747,16.15355217,9.707418574,11.27861056
ATGGCCCGAAAGGTTA-1,28.90078604,29.81989231,18.27690784,10.51866064,12.48375317
ATGGGACCTGCTGAAC-1,16.65064021,54.79022218,12.84815358,7.373854952,8.337129072
ATGGGCCTCGGCCTCT-1,14.08678756,42.02442635,18.40303479,12.29644708,13.18930422
ATGGGTGTATACCTCC-1,14.01765376,49.45899772,16.82232346,8.986332574,10.71469248
ATGGTATTGGGAACCG-1,10.83211616,65.04424779,10.61302517,5.580376321,7.930234556
ATGGTCGCGTGGTTTC-1,17.93039677,40.06388702,19.09325263,10.65063887,12.2618247
ATGTACATGCGGTGAG-1,20.38884625,50.34535687,14.43961229,7.214121259,7.61206333
ATGTACGATGACGTCG-1,16.23107291,54.89980511,12.54310129,6.911198841,9.414821848
ATGTAGCGCGCGTAGG-1,11.76156394,63.07018481,11.10992415,6.409571627,7.648755475
ATGTCATAATAAACGA-1,12.88876919,56.89415567,14.04363049,6.46700781,9.706436844
ATGTCTTGTTTGACTC-1,12.90098617,57.95454545,12.76354568,6.405860349,9.975062344
ATGTGAAAGCCTAATG-1,10.35940803,41.06935825,20.59605811,13.6806929,14.29448271
ATGTGGACATCTTGAT-1,17.1767479,50.27563396,16.3555488,6.786298141,9.405771205
ATGTTGATTAGAGACT-1,24.82791235,37.36009668,18.4541012,8.386317062,10.9715727
ATGTTGTAGTCTGTTT-1,14.16645478,57.50487329,13.07737944,6.35223324,8.899059242
ATTACATGTCAGTCTT-1,16.67412449,48.8354019,16.24078566,8.273474482,9.976213466
ATTACGGGCTACGGTT-1,13.6074081,46.6610733,17.64187978,9.06124732,13.02839149
ATTATCGGAATGTACG-1,17.71863487,51.54159395,12.99851335,8.003684313,9.737573525
ATTATGAGACCCAATT-1,14.07224894,55.58160792,14.28287565,7.511028097,8.552239399
ATTATTATGTCCGTCA-1,12.04065992,62.61143157,11.93578315,5.699649066,7.712476302
ATTATTCAGAGTCACT-1,23.63542295,42.23506079,16.90667127,7.743381909,9.47946308
ATTCAACCATTTAAGG-1,14.26048296,59.49024026,13.77021225,5.188952161,7.290112366
ATTCACTGATGTTGGA-1,15.06272347,53.77855888,13.29616387,7.790436943,10.07211684
ATTCATATACTGTCCA-1,10.89330541,63.61383368,12.64090306,5.784820044,7.067137809
ATTCATCGTTGAGGCA-1,20.29336517,41.89663995,18.4820058,8.575814429,10.75217465
ATTCGCGCCTTGAGAG-1,21.22647189,49.36388811,15.58775133,6.381185536,7.440703134
ATTCGTCCCGAGGTTA-1,21.67226891,37.21008403,18.58263305,9.705882353,12.82913165
ATTCGTGTACCCATTC-1,27.95078816,36.21683968,15.55811867,9.457900807,10.81635268
ATTCGTTTATCGTATT-1,32.73945018,24.45281037,18.09665558,10.49290842,14.21817545
ATTGAATTCCCTGTAG-1,25.95333668,32.48871049,16.7670179,10.72503763,14.06589731
ATTGCCTATTAGACCG-1,11.51924098,55.66607117,15.44348414,7.622760852,9.748442856
ATTGCCTTTATGTTTG-1,21.12761706,45.41742681,15.42292879,7.844670315,10.18735702
ATTGCGATCAGTAACT-1,11.26941343,62.17430368,14.632268,4.582210243,7.341804646
ATTGGATTACAGCGTA-1,16.63554539,59.3290393,12.29045591,5.211589703,6.5333697
ATTGGTTGTGCATTAC-1,35.01633502,24.5025245,17.73091773,10.78111078,11.96911197
ATTGTCTGTTTCATGT-1,14.08782219,57.3699645,11.99645007,7.142305911,9.403457324
ATTGTTCAACGATCCG-1,13.17882611,53.07185957,15.90784421,7.638507954,10.20296215
ATTTATACTGGTAAAG-1,20.54212761,45.19477796,15.62418078,7.974623814,10.66428983
