Spatial Barcode,Tumor (%),Stroma (%),Endothelial (%),Myeloid (%),B cell (%),T/NK (%)
AAACAAGTATCTCCCA-1,64.8103304,4.643953123,4.587216522,5.92188333,9.540789291,10.49582733
AAACACCAATAACTGC-1,59.5157138,8.317489708,6.143427628,6.646372127,8.700758976,10.67623776
AAACAGGGTCTATATT-1,58.2533707,7.730874518,8.4330182,5.016502806,10.03023236,10.53600141
AAACAGTGTTCCTGGG-1,65.53412453,4.944683556,5.260536647,3.496179737,10.48542889,10.27904665
AAACATGGTGAGAGGA-1,53.62758924,10.97805922,5.121942868,7.549020335,13.68847774,9.0349106
AAACATTTCCCGGATT-1,67.8384139,2.337819982,5.354957127,4.863804997,8.36271275,11.24229125
AAACCGGAAATGTTAA-1,70.77866574,3.375047184,4.28017073,2.906457202,11.62622755,7.033431592
AAACCGTTCGTCCAGG-1,60.43049438,4.260404182,5.833625509,2.977882573,11.81407281,14.68352055
AAACCTAAGCAGCCGG-1,69.05425491,2.306409428,3.987087294,2.665981626,13.1918794,8.794387344
AAACGAAGATGGAGTA-1,55.66354497,9.248907828,6.768409401,6.778676308,8.104681883,13.43577961
AAACGCTGGGCACGAC-1,65.80230314,4.788123868,4.959289419,3.022983558,15.29403877,6.133261247
AAACGGGCGTACGGGT-1,66.57310106,3.912309991,3.161417093,6.109973685,11.27726142,8.96593676
AAACGGTTGCGAACTG-1,66.46626563,3.867897296,6.489489651,3.965971533,11.90079453,7.30958136
AAACTCGGTTCGCAAT-1,68.0525651,3.604823123,4.772889659,3.472846079,9.849007965,10.24786807
AAACTTAATTGCACGC-1,59.7209466,7.632414104,7.400997441,7.430637456,10.18971088,7.625293521
AAACTTGCAAACGTAT-1,64.64382676,4.945149795,6.465081711,5.052037224,12.97987537,5.914029141
AAAGAATGACCTTAGA-1,61.24086994,7.246878607,6.219122973,7.039852997,11.61362373,6.639651759
AAAGAATGTGGACTAA-1,69.75889849,1.743463633,4.408894251,2.713366978,12.82163514,8.553741502
AAAGGCCCTATAATAC-1,64.58147721,5.830997901,7.199878557,5.168817504,7.917417165,9.301411662
AAAGGCTACGGACCAT-1,62.90990858,4.720651942,5.438094035,4.392705063,11.91641413,10.62222625
AAAGGCTCTCGCGCCG-1,63.60485579,4.207385632,7.178825015,3.581458497,11.07857373,10.34890134
AAAGTAGCATTGCTCA-1,60.52579216,6.440247785,6.656687224,2.72915404,6.437133218,17.21098557
AAAGTGCCATCAATTA-1,64.51419315,3.337399483,5.28621819,4.001857659,11.9801685,10.88016302
AAATACCTATAAGCAT-1,66.2585719,4.223662256,4.911516868,8.272085936,11.96800469,4.366158352
AAATAGGGTGCTATTG-1,66.7696046,3.014928415,4.885228461,5.219089518,6.49052921,13.62061979
AAATCCGATACACGCC-1,65.59119387,3.357605858,3.229310986,2.023527426,14.27749838,11.52086347
AAATCGCGGAAGGAGT-1,57.24512882,9.400715549,8.457779613,5.372411352,19.35504545,0.168919217
AAATCTAGCCCTGCTA-1,64.63830627,3.836502339,7.829492381,8.216821634,5.840850001,9.63802737
AAATCTGCCCGCGTCC-1,55.54853697,6.978422651,8.189327239,7.840352074,10.78619102,10.65717004
AAATGACTGATCAAAC-1,62.59942817,5.358520947,7.057526308,5.060717479,10.43356249,9.490244603
AAATGGCCCGTGCCCT-1,58.0935658,8.180376144,4.276359315,2.757084207,7.685602494,19.00701204
AAATTGATAGTCCTTT-1,63.35248351,4.879901713,6.639649212,4.266963598,10.81347665,10.04752532
AAATTTGCGGGTGTGG-1,61.76343118,6.591043509,8.955507572,5.439094513,9.542374777,7.708548454
AACAATACATTGTCGA-1,65.49671867,4.824534917,8.383458319,4.806019911,7.971460353,8.517807832
AACACACGCTCGCCGC-1,62.41507418,4.501762628,5.068576054,0.813101109,19.2897715,7.911714532
AACACGAGACGCGGCC-1,62.74488996,5.293278213,5.513343394,8.292230028,7.647515822,10.50874258
AACAGCTGTGTGGCAA-1,65.99730889,4.074225656,6.801560535,2.448363096,10.04687909,10.63166273
AACAGGTAGTATGGAT-1,64.65943168,4.447374261,5.435449665,7.552533396,10.60877504,7.29643596
AACATAGCGTGTATCG-1,67.79634358,2.875668112,4.207900411,3.91051692,10.32827632,10.88129465
AACATTGAAGTTGATC-1,60.47446901,5.661173537,10.15646963,3.967472497,10.44768723,9.292728099
AACATTGTGACTCGAG-1,62.14495649,5.703718581,6.713065892,4.877451491,11.99273868,8.568068867
AACCATAGGGTTGAAC-1,58.78856343,7.214449309,6.02756895,5.776400338,12.54328077,9.649737208
AACCCATCCCATGATC-1,61.98003962,6.962004763,6.210883255,6.33019312,9.602320039,8.914559206
AACCCGACAACCCGTG-1,62.69482928,4.755953454,8.756207387,4.129371873,14.30912412,5.354513889
AACCCGAGCAGAATCG-1,68.79976496,4.085747762,4.043691845,4.70696636,6.907450569,11.4563785
AACCCGCTGTATTCCA-1,62.07150813,7.154918164,5.539112397,5.23668628,10.1534515,9.844323533
AACCGCTAAGGGATGC-1,57.71291029,6.751977278,4.541074838,2.817327597,9.827700248,18.34900975
AACCTCGCTTTAGCCC-1,68.49207061,3.083736234,5.222000169,4.371012897,9.279743591,9.551436497
AACCTTTAAATACGGT-1,66.75713511,4.655893343,4.121773976,1.368876917,12.59185631,10.50446434
AACGAAAGTCGTCCCA-1,58.50151732,7.193358586,8.073846034,6.923452319,13.34727881,5.960546937
AACGACCTCCTAGCCG-1,70.45692383,2.402546404,4.248647225,3.584713892,9.73163179,9.575536856
AACGATAATGCCGTAG-1,66.1964923,4.824121247,6.02870187,5.936490935,5.872032511,11.14216114
AACGCGACCTTGGGCG-1,63.57008998,4.076619823,6.307235724,3.593102081,12.00686107,10.44609133
AACGCTGTTGCTGAAA-1,65.08903739,3.4433425,5.237597543,1.850821578,13.65780934,10.72139165
AACGGACGTACGTATA-1,64.03133719,4.233613015,6.289941934,4.562866857,14.84488143,6.037359573
AACGGCCATCTCCGGT-1,61.23202776,4.175510069,8.045413024,4.862966058,12.42517057,9.25891252
AACGTACTGTGGGTAC-1,66.56799136,4.96343001,7.793040474,4.918577995,8.235375257,7.521584901
AACGTCATCCGGCTTG-1,67.73152522,3.032552322,5.27027977,2.022948967,14.25210656,7.690587159
AACGTCGCTGCACTTC-1,71.12784268,1.441596448,4.226030507,2.054795773,12.34529488,8.80443971
AACTAGGCTTGGGTGT-1,66.62558155,4.378990016,4.958488224,3.53863258,11.41218651,9.08612112
AACTCCAGAGCGTGTT-1,68.25115261,2.464627742,5.626767353,2.494852265,12.52286531,8.639734723
AACTCTCAGTGTGCTC-1,61.64898993,4.789319414,5.660211512,4.308496095,16.27149942,7.321483623
AAGAAAGTTTGATGGG-1,60.5923993,5.938668988,6.661208039,7.108140374,8.677940501,11.0216428
AAGACATACGTGGTTT-1,67.32130294,2.377516468,4.992619858,3.182668447,15.95539902,6.170493276
AAGACCAAATAACTCA-1,57.39859662,8.176689156,7.781733676,7.048336096,11.85832414,7.736320308
AAGACCCAACTGAACA-1,61.17499031,5.858250954,7.352160056,4.549365356,12.94539146,8.119841868
AAGAGGCCCTTTGGAA-1,66.4418166,4.696581446,6.010424381,3.108578848,9.805543761,9.937054964
AAGATGGCACCGGACC-1,64.47814903,5.202127324,6.669262277,3.470474326,8.555223076,11.62476397
AAGCACCCTGCGTATC-1,64.69472886,2.932895112,5.53584071,2.680371072,9.063056678,15.09310757
AAGCATACTCTCCTGA-1,66.67572504,2.480421144,4.793967546,3.984380856,12.15849815,9.907007268
AAGCCACTTGCAGGTA-1,63.64460765,4.845355644,5.880215816,5.614233588,10.10394684,9.911640456
AAGCCGAAGCGGTTTA-1,61.05525983,6.050012167,4.702351996,8.98572852,11.11971104,8.086936442
AAGCCGCCGTGAAATC-1,60.22058433,5.460007202,6.069777919,5.464631916,10.43998143,12.3450172
AAGCCGGAGAGCAGGA-1,69.61662092,2.746061189,4.011607543,2.029085596,12.16676026,9.429864487
AAGCGCAGGGCTTTGA-1,65.90795393,4.472980531,5.780598607,3.971782632,10.41455309,9.452131212
AAGCGTCCCTCATCGA-1,63.12256195,4.550746552,7.891852662,3.139634877,11.81250325,9.482700714
AAGCTAGATCGAGTAA-1,65.509233,4.29310377,6.124479151,3.628996183,10.49689212,9.947295767
AAGCTATGGATTGACC-1,57.63488362,6.153982464,6.356947934,7.069067722,12.37603016,10.4090881
AAGCTCTTTCATGGTG-1,67.68111612,1.61683625,3.570232407,3.805515595,17.63727978,5.689019845
AAGGGAACGACTGGCT-1,61.81247424,6.618033625,9.831111881,3.644822642,10.02115443,8.072403181
AAGGGACTATGCATTC-1,62.65195561,5.916472912,7.449170067,5.27191099,10.58166266,8.128827761
AAGGGTTAGCCATGCG-1,71.56687055,1.819445901,3.927568805,2.707493434,9.085576236,10.89304508
AAGTGAGTCGGGTTTA-1,63.89372967,4.708885422,6.189173316,3.892229095,9.419432063,11.89655043
AAGTGCGTTAGAATCT-1,64.22673204,4.811544418,8.189628229,3.749241287,10.03064207,8.992211948
AAGTGCTTCTCTATTG-1,65.95611753,4.632088969,6.932984699,4.054002954,9.269532645,9.155273201
AAGTGTTTGGAGACGG-1,67.3867731,3.511922279,3.449100571,1.045179697,16.61847853,7.988545819
AAGTTCACTCCAAGCT-1,69.04131212,3.230379091,5.49344037,3.463120289,7.275292677,11.49645545
AAGTTCGGCCAACAGG-1,60.80756814,6.719074967,7.146372848,4.227899381,9.618413238,11.48067143
AAGTTGTGATGTTATA-1,67.2332133,3.309665258,5.013884554,3.823403578,12.54796684,8.071866473
AAGTTTATGGGCCCAA-1,65.48255399,4.451580726,5.932519642,4.037354436,10.9317123,9.164278902
AATAACACTAGAACAA-1,61.52743329,5.766138253,6.014379089,2.863613469,18.06160009,5.766835811
AATAATCTTCGTATCG-1,65.20324363,5.044529406,4.473946754,3.039471312,13.36762814,8.871180762
AATACCGGAGGGCTGT-1,68.867638,3.367136112,5.487068225,2.502263981,12.8602236,6.915670083
AATACCTGATGTGAAC-1,68.93248046,2.307930748,3.23806651,3.065674543,14.03841728,8.417430456
AATAGAACAGAGTGGC-1,70.21443171,4.343854736,4.76041524,2.225495995,9.843286532,8.612515788
AATAGAATCTGTTTCA-1,64.73683699,2.289709549,2.461660281,3.225709517,13.74693705,13.53914661
AATAGTCCGTCCCGAC-1,61.80511377,4.482911369,7.220931812,5.153387748,14.59567514,6.741980155
AATATCGAATCAATGC-1,61.26055456,5.084165108,4.82155844,6.969254357,15.92809711,5.936370419
AATCAGGTTTCATTTA-1,66.68390434,4.540999498,7.328171178,5.839799124,8.831703435,6.775422422
AATCATGTAAAGACTC-1,58.19461395,5.678663383,8.420398191,6.349376893,12.50295961,8.853987971
AATCCCGCTCAGAGCC-1,67.0843096,4.020447973,5.202250926,2.842303244,9.904468296,10.94621996
AATCGAGGTCTCAAGG-1,70.23479986,2.769858077,4.283279773,2.999971999,10.32197921,9.390111082
AATCGGTATAGCCCTC-1,69.26128758,1.499238986,5.755370571,2.649687397,10.37658603,10.45782944
AATCGTGAGCCGAGCA-1,64.63097934,3.377335588,4.349587226,2.080950076,10.29149576,15.26965201
AATCTAGGTTTACTTG-1,61.50991944,6.624576308,4.285552768,6.204882803,13.48584425,7.889224431
AATCTGGCTTTCTAGT-1,63.210159,6.230791303,5.973598912,3.459147746,16.96345586,4.162847171
AATGACAGCAATGTCT-1,62.83864671,4.918882135,6.128806447,4.629487722,12.60822805,8.875948933
AATGTATGGCACTGTA-1,53.3776843,7.507192143,8.050638019,10.004067,11.96086785,9.09955069
AATGTGCCCGAGGTGT-1,63.34405139,5.205334477,7.838128423,3.896393496,8.798267503,10.91782471
AATGTGCTAATCTGAG-1,67.76153304,4.556506963,5.569370398,3.761802501,11.9992748,6.3515123
AATGTTAAGACCCTGA-1,66.87535605,2.723702792,4.777585586,4.147104646,10.98620691,10.49004402
AATGTTGTCGTGAGAC-1,68.42607686,1.866551011,3.98843993,5.408528426,7.404835964,12.9055678
AATTAACGGATTTCCA-1,69.30154511,3.569932593,6.540999675,3.065620048,8.010092323,9.511810249
AATTACGAGACCCATC-1,59.85366572,9.325663674,6.394976666,6.189599043,7.121720171,11.11437473
AATTAGCGCTGCAGCG-1,63.30756512,4.956121566,3.89228316,5.689903186,9.466879111,12.68724786
AATTATACCCAGCAAG-1,65.89734058,3.841647132,5.349763946,4.752157857,10.20792896,9.951161532
AATTCATTGTCATGCA-1,57.43198157,8.480920226,7.735232955,9.037888897,11.17782762,6.136148729
AATTCCAAGCATGTAC-1,65.46839427,4.114414862,5.121485502,4.750174535,10.30528431,10.24024652
AATTCGATTCGAGGAT-1,67.59725353,4.58952342,3.632511341,2.165992104,10.53580966,11.47890994
AATTCTAGAGTTAGGC-1,61.40373229,3.569311753,5.206743898,3.055761185,15.08965272,11.67479816
AATTGAACGCTCTGGT-1,67.09229785,3.714433886,4.780260321,3.26092286,10.70145186,10.45063322
AATTGCAGCAATCGAC-1,61.05834107,3.653204233,3.630325803,3.12967534,16.26445503,12.26399852
AATTGCGTGGATTACA-1,58.10441538,7.005586204,7.457970948,6.000159776,9.853172821,11.57869487
AATTGTGGTTGCCAAA-1,63.40463968,4.624022094,5.256821747,2.395305589,16.69361565,7.625595235
ACAAACCATGCGTCCT-1,57.30952247,6.572243006,7.130316714,6.216720815,10.03981989,12.7313771
ACAAACTCCATCAGAG-1,65.20605144,4.775175502,6.499819097,5.446096424,10.59147277,7.481384764
ACAAAGCATGACCTAG-1,69.71655379,2.274753189,5.490014448,3.187645829,11.5833284,7.747704346
ACAAATCGCACCGAAT-1,63.98588184,1.917587482,4.35301702,2.450053511,8.202241993,19.09121816
ACAAATGGTAGTGTTT-1,63.75259129,5.684605525,5.517815828,4.57349677,12.90872205,7.56276854
ACAAGGAAATCCGCCC-1,65.86875422,3.40210848,6.579451415,4.470140616,9.915287689,9.764257582
ACAAGGATGCTTTAGG-1,67.84336144,2.605328866,3.756277322,4.471912061,14.21395634,7.109163969
ACAAGTAATTGTAAGG-1,62.3625892,5.518316895,6.894888051,4.410993805,9.889106208,10.92410584
ACAATGAATACGGAGA-1,58.90287975,5.757663704,8.815661885,5.097622859,12.97469231,8.451479496
ACAATTGTGTCTCTTT-1,69.63218431,5.106549777,2.905373991,6.01578469,8.684101415,7.656005814
ACACACCAGGACCAGT-1,62.92000429,5.568517627,5.635472091,3.149251336,20.2971312,2.429623457
ACACATGATCAAATCT-1,58.71840615,6.916292838,8.40929195,4.74294334,13.02480419,8.188261532
ACACATTTCCGTAGAC-1,68.89175083,4.639859878,5.12998854,3.957032538,10.20939417,7.171974047
ACACCGGTCTGACCGC-1,62.47133747,5.881387844,6.976752918,5.681731081,9.465875342,9.522915347
ACACGTAGGCCACAAG-1,65.44159026,4.651069033,5.262795701,5.752727319,9.658215044,9.233602646
ACACTGATCAAGGTGT-1,61.73360154,4.420425642,4.423526194,3.257289133,11.03669353,15.12846396
ACACTGGGACAGTCGT-1,68.10948311,2.192757453,5.493329398,3.561412488,13.4327997,7.210217853
ACAGAACTGAGAACAA-1,58.23976327,5.496994044,7.184630351,5.8457666,11.45751911,11.77532663
ACAGCGACATTCTCAT-1,62.35236933,3.386590609,5.877284423,5.47404126,15.32265117,7.587063206
ACAGGCACGGATCCTT-1,69.37100602,2.657174134,3.421298809,2.433237962,11.78783213,10.32945095
ACAGGCTTGCCCGACT-1,70.44486845,3.148613717,3.893509523,4.359366152,9.898109156,8.255533001
ACAGGTGGAGGTGAGG-1,62.5073655,4.930634223,7.377850896,2.378201128,12.74660445,10.0593438
ACAGTAATACAACTTG-1,60.61745079,4.311003869,3.9337581,3.234712168,16.23282653,11.67024854
ACATAAGTCGTGGTGA-1,59.63639606,7.892527823,6.17859635,6.734690066,10.405349,9.152440697
ACATACAATCAAGCGG-1,66.45222628,2.512071294,4.464253472,3.691851372,13.74805776,9.131539827
ACATCCCGGCCATACG-1,62.71625516,3.852154908,5.373144197,4.378033097,15.87077948,7.809633162
ACATCGCAATATTCGG-1,64.60665005,5.37298111,6.106881503,4.384988649,10.13877689,9.389721806
ACATCGTATGCAATGG-1,70.37257481,4.882882958,5.494332784,3.547144558,5.924561691,9.778503202
ACATGCTTACGGCAGC-1,60.01289389,6.251998958,7.794400894,4.665582619,9.419026448,11.85609719
ACATTAGTTTATATCC-1,66.06089793,3.821881898,6.18096933,4.296415036,8.642448243,10.99738757
ACATTCGCGCGGAATA-1,64.59043099,5.30998408,6.53341892,5.918880291,8.80900503,8.838280691
ACATTTGAAACCTAAC-1,68.31714604,2.318938673,3.721016883,1.662036585,13.34249121,10.63837061
ACCAACCGCACTCCAC-1,71.27745125,2.650141369,4.427285362,1.536567718,13.58059236,6.527961946
ACCAACGCTTATTTAT-1,65.1989307,4.494961245,5.362517945,3.964751177,10.85584699,10.12299194
ACCAAGTCATCGGCAG-1,68.82719427,1.734547178,4.105419803,4.345954441,11.75860614,9.228278169
ACCAATATGCAAGTTA-1,71.16938321,1.96195848,5.189002799,4.320422388,13.24525757,4.113975556
ACCACACGGTTGATGG-1,71.2887922,2.053744259,4.029118649,3.190640609,8.692922509,10.74478177
ACCACGTGCAGCTATA-1,66.20694944,4.078297642,3.247973815,3.586891982,20.30182715,2.578059972
ACCAGTGCGGGAGACG-1,63.80934184,5.735909861,1.989447323,6.55568304,4.542025858,17.36759208
ACCCATTTGTCCCTCT-1,66.20654428,4.85174236,4.207061545,3.79208773,12.69623697,8.246327121
ACCCGAGCGAAATTAC-1,65.8002612,3.918195702,6.701875385,4.035982643,10.7351026,8.808582477
ACCCGATTGGTTCCGA-1,65.74426955,4.460293083,7.146073054,4.807185907,7.928764746,9.913413662
ACCCGGAAACTCCCAG-1,66.41621415,3.925197164,5.631302438,3.889661864,13.41086705,6.726757339
ACCCGGAGCACCACAA-1,66.6374576,2.112275034,4.767483055,3.115882791,10.97787872,12.3890228
ACCCGTAGCAGAGAAT-1,62.37104115,5.890555902,4.075549767,4.642474397,15.54155161,7.478827171
ACCCGTAGTCTAGTTG-1,62.916824,2.215553356,6.408624816,2.728201821,9.17031396,16.56048205
ACCCGTGTCATCAGTA-1,67.08280645,4.811754233,4.71941691,4.101225551,8.719055351,10.5657415
ACCCTATGCCATATCG-1,61.80324953,4.921367495,7.034060551,5.053237876,10.5860746,10.60200994
ACCCTCCCGTCAGGGC-1,65.98091903,1.919077966,5.019519169,4.434586908,14.28367292,8.362224008
ACCCTCCCTTGCTATT-1,68.76745207,3.085332862,4.556613498,4.083448638,8.104592687,11.40256024
ACCGAAGAGTCTGGTT-1,58.54313922,7.800976774,7.616924977,7.739362384,7.750862488,10.54873416
ACCGACACATCTCCCA-1,68.94428894,3.371091278,4.850279931,2.475156941,11.67732371,8.681859199
ACCGAGTCTCCTTATT-1,68.67684996,2.028237382,5.274458604,3.069173276,9.458778742,11.49250203
ACCGATAGGCATAACC-1,64.81996846,3.106779844,3.931481871,3.884302933,12.73038499,11.52708189
ACCGATATTTAATCAT-1,66.57938581,4.123213448,5.363676429,5.228422237,11.76190331,6.943398767
ACCGCAATAACTGCCT-1,63.43760225,3.698987069,4.42838539,3.763288562,11.99981635,12.67192037
ACCGCTAGTCATTGGT-1,64.68200843,5.016749071,5.483830109,4.729364447,10.41200113,9.67604681
ACCGGGCCTTTGTTGA-1,62.45152094,7.718093693,4.201659346,5.911972543,7.254706589,12.46204689
ACCGGTCAGGTACACC-1,54.56652006,7.334822494,8.401979371,9.898045718,10.80957895,8.989053407
ACCGTCCACTGGGCCC-1,53.4308439,12.09560381,4.639904664,11.10565025,11.75068077,6.977316608
ACCGTGACCACGTGGG-1,62.20874978,5.880184522,6.783689342,3.890392662,12.76123347,8.475750231
ACCTAAGTACCTTTCA-1,62.97655003,4.891814709,5.697667308,3.610520665,11.18435503,11.63909226
ACCTACTATAAATCTA-1,64.40308448,4.127885172,7.177113613,3.982319994,11.79951416,8.510082583
ACCTCAGCGAGGCGCA-1,67.78201216,2.084906067,4.101333133,2.484948481,10.56295961,12.98384055
ACCTCCGCCCTCGCTG-1,56.61333135,5.100603153,7.599700404,6.53417672,5.319955827,18.83223255
ACCTCGAACTTATGCT-1,57.30514944,6.508261337,8.107244616,5.107996499,10.72924309,12.24210501
ACCTGCGTGTCATGTT-1,53.16655254,7.577830368,4.871582055,7.94634813,14.63221874,11.80546817
ACGACCCATGAGTTGC-1,69.7342567,3.565145399,4.40690658,3.060348081,10.58594728,8.647395963
ACGACTCTAGGGCCGA-1,65.34918063,1.952489025,5.183620278,4.560867284,13.29298511,9.660857673
ACGACTGGTCATACTC-1,62.65328165,4.961200144,5.852994461,2.605378797,14.09063445,9.836510496
ACGAGGATACCACTCT-1,59.06429999,9.141547492,6.480316673,4.606486031,10.66651482,10.040835
ACGAGGTTTACAACGT-1,58.34560551,8.677889477,5.109866718,10.21593791,8.368748615,9.281951765
ACGCAAACTAATAGAT-1,65.22530877,4.867836224,6.292761943,4.909251261,10.31961383,8.385227967
ACGCATACGTTTACTA-1,69.69742044,5.049243138,4.4834099,4.427748971,8.574085445,7.768092105
ACGCCACTCGAAACAG-1,67.55000845,3.30676499,3.396330848,5.837161716,10.09781846,9.811915543
ACGCCAGTGCGTTTGC-1,68.56152151,1.48880565,3.250388205,2.741111763,11.04807963,12.91009325
ACGCGAAGTCAGACGA-1,69.08698562,6.277754721,4.926393007,4.942326046,5.8432366,8.923304
ACGCTACTGAATGGGC-1,72.15702392,1.933831942,4.150685396,2.538313433,9.573259045,9.646886263
ACGGAACACGAGTGCC-1,68.84042775,2.21085014,3.962480277,3.594034335,11.48801131,9.904196184
ACGGACGCAGCGACAA-1,61.99736396,5.816835196,7.370992109,4.048070096,11.91121153,8.855527114
ACGGACTCTCAAAGCG-1,64.89324275,3.002516811,5.936660885,3.019540961,13.32950576,9.818532843
ACGGATGGTGCGGATA-1,66.62720611,3.793764437,2.351265945,6.118656615,14.70473776,6.404369135
ACGGCACTTGCTTGGG-1,66.80810453,5.046582113,5.106635141,2.593782024,11.79568068,8.649215505
ACGGCCAACATGGACT-1,62.89243546,4.356505583,7.237985244,2.90153343,12.53669853,10.07484175
ACGGCGACGATGGGAA-1,69.33607503,3.119775531,4.864930098,3.498524614,9.205548472,9.975146252
ACGGCTGGATGTAGAA-1,55.84413068,9.132770847,5.799425602,11.19343171,7.526755163,10.503486
ACGGGAGTGTCGGCCC-1,62.04919388,5.289432368,4.54143911,5.045203883,18.45723701,4.617493744
ACGGGTTGTGACCTGT-1,59.08806056,6.12176083,7.098496943,5.48741039,10.99680033,11.20747095
ACGGTACAGTTCAATG-1,67.39039181,2.012477668,5.269521431,2.147270369,11.11679097,12.06354775
ACGTACTTTGGCACGG-1,60.66149891,5.743282476,6.423203511,4.522769302,12.37190916,10.27733664
ACGTAGGAGAGTCGCT-1,67.28032267,3.215244299,4.935471292,3.096406712,10.93258206,10.53997297
ACGTCGGGCAACTCGG-1,60.75460285,7.174334992,7.397555719,5.721351584,10.88704821,8.065106645
ACGTTCACTATGCCGC-1,61.76252408,5.735972714,7.66587549,4.091254807,13.43875619,7.305616712
ACGTTCGTTCAGGAAA-1,67.08198804,5.039226889,5.880145646,3.680531832,10.66238005,7.655727546
ACGTTCTGTACAAGTC-1,66.01092522,3.165674684,4.747931593,2.705888356,14.95245224,8.417127914
ACGTTGTCGTTGAAAG-1,65.26772934,4.136194552,5.524467816,4.870721723,11.80511052,8.395776048
ACGTTTCGGTGCACTT-1,69.00399225,2.399851559,3.638886403,2.290598607,11.01398072,11.65269046
ACTACAAAGAGAGGTG-1,65.86710316,3.634093247,4.636682824,5.015056493,11.03241928,9.814645006
ACTACATCCCGACAAG-1,57.86400068,7.928297585,8.119092605,6.474498136,8.007947547,11.60616345
ACTACCATCCGAGGGC-1,63.62146875,4.858058345,6.964585363,4.784919702,10.00328433,9.767683508
ACTACGCGTTAGAATT-1,65.47512693,4.682397756,6.211497913,4.731560609,7.043507835,11.85590896
ACTAGTTGCGATCGTC-1,64.00492029,4.690656744,4.428875746,8.28909354,9.968240953,8.618212728
ACTATCTGCCCGCGTA-1,66.72254689,4.739905278,2.689862399,9.969945743,8.004596702,7.873142993
ACTATGTCCAGCTGCC-1,62.66113986,6.494540868,7.501397186,4.091288622,11.80169984,7.44993363
ACTATTTCCGGGCCCA-1,67.50789583,5.754252952,8.565090042,2.613034178,10.20284051,5.356886482
ACTCAAGTGCAAGGCT-1,63.19511545,2.726647092,3.068425919,2.872267744,13.36183285,14.77571095
ACTCATGGCAGCCTTC-1,60.01101327,6.056365795,8.119722422,5.827024029,10.68283792,9.303036562
ACTCCAATATCATCAT-1,62.84341021,5.204510342,8.033186021,3.59875591,12.88870176,7.431435755
ACTCCCATTCCTAAAG-1,61.22835776,7.025456131,7.157645026,3.942866573,12.85133943,7.794335079
ACTCCCTAATGCTAAA-1,68.26042653,2.377753377,6.126866731,3.601387781,7.723474657,11.91009092
ACTCCCTAGAATAGTA-1,65.18822336,3.173985257,3.407534987,4.00563294,17.1720407,7.052582751
ACTCCGGCCGACCACT-1,67.14871513,1.848442861,4.73878273,5.283297346,14.53645305,6.444308881
ACTCGCCGTTCGATAA-1,67.11142397,2.202367696,3.966176057,2.973039172,13.30524341,10.4417497
ACTCGTAACCCGTCCT-1,63.6275144,6.591302163,8.494956605,6.688913738,7.899636491,6.697676607
ACTCTGACCTAATAGA-1,67.54457928,2.587972468,4.725039975,3.089097967,12.62591909,9.427391221
ACTGAAACGCCGTTAG-1,70.85890786,3.800402569,4.741700355,5.991386324,8.033546989,6.574055903
ACTGAATGGCGAAAGT-1,66.65651863,3.964130259,5.387638636,4.084482407,9.477748106,10.42948197
ACTGCCCGCCATTCTC-1,65.47336603,3.990913127,6.867677412,6.20314619,10.03007739,7.434819848
ACTGCTCGGAAGGATG-1,61.29076069,5.278562269,6.043658037,7.551094014,10.58513679,9.250788203
ACTGGGATGCCAGTGC-1,70.52854835,3.400206132,5.029112696,3.561863198,8.513377925,8.966891695
ACTTACGCATCCACGC-1,70.6177555,2.792098297,3.642193709,2.311256478,9.112088138,11.52460788
ACTTATTTATGTGCCA-1,65.94437303,5.363695329,3.158740221,5.50959008,6.823535714,13.20006563
ACTTCAGGCTGATCCC-1,68.71560717,3.570000393,3.067931278,2.285393358,10.6118019,11.74926591
ACTTCCATGCGGGACA-1,65.79264709,3.02603738,4.65740574,4.594490597,13.73292086,8.196498331
ACTTGCTCTATCTACC-1,57.71622487,7.459267399,5.439904579,8.251949686,14.57969755,6.552955907
ACTTGGGCTTTCGCCA-1,68.21787973,2.840859796,4.909079838,4.553262441,11.32789228,8.151025906
ACTTGTGGATGGAACG-1,62.99467945,5.668395162,3.834833195,8.747528439,6.558727061,12.19583669
ACTTGTTACCGGATCA-1,63.69897794,5.493753836,6.879170835,4.568767988,9.101074583,10.25825482
ACTTTGGTCGTGCTCC-1,52.33727968,9.749710331,8.823585009,8.510814184,9.426123144,11.15248765
ACTTTGTCGACGCACT-1,65.87190882,3.333008458,4.679846629,3.906333005,8.905896707,13.30300638
AGAAATTATGACTCGC-1,59.06712954,7.527734187,8.780281749,4.735705079,8.719536147,11.1696133
AGAACACGGCGATGGT-1,61.26881029,6.013807366,6.758544393,5.931119871,6.730973454,13.29674462
AGAACCCTCAATTGGG-1,55.44240914,8.578562441,5.521715036,6.535250736,7.414514302,16.50754834
AGAACTGTACTTTGTA-1,66.82071937,2.370913584,4.690830812,3.798172175,12.89299235,9.426371705
AGAAGGTACACTTCAC-1,57.74711555,7.506223361,6.63277397,7.36629486,12.99610903,7.751483236
AGAAGGTTGTAGGTCG-1,66.68365428,3.066394695,5.155461827,3.561366824,8.041295679,13.4918267
AGAAGTGATTCGTGAT-1,59.73894821,5.692674593,5.047016992,4.452708269,9.40123094,15.667421
AGAATACAGGCTATCC-1,67.90883613,1.991814968,5.160730232,2.238709216,10.99073349,11.70917597
AGACAGGCATCTCAGC-1,72.62447155,3.898305911,3.67683425,3.391768279,10.87503441,5.533585609
AGACCAAACCACACCT-1,51.08680481,5.542874654,6.772494837,5.425476614,12.6818789,18.49047018
AGACCCACCGCTGATC-1,65.32764255,4.891470614,5.083991644,1.660828457,11.15473928,11.88132746
AGACCGCTCCGCGGTT-1,59.03195027,5.664589643,5.069033202,6.881713197,8.669789334,14.68292435
AGACGAAGTGCCGGTC-1,55.17516742,5.780691236,6.572551787,7.663076993,8.986143709,15.82236885
AGACGACGATGCCGCT-1,62.23081392,4.381363408,6.849797383,2.298133809,13.94481796,10.29507352
AGACGCCCACTTCGCC-1,67.40793731,3.310683556,4.325376027,4.463276412,8.959961388,11.53276531
AGACTGTTACCGGGTC-1,62.10570161,4.252883325,7.991912957,2.925940452,13.05528095,9.668280702
AGAGAAACACCAGAAA-1,68.22353807,4.080116282,6.262387094,3.852511137,13.00679515,4.574652268
AGAGAAGGAGTACAAT-1,63.65413451,4.856385809,5.807717673,3.408874554,13.075536,9.197351447
AGAGCCGCCGAGATTT-1,65.25542714,4.003799954,5.509487996,6.600419386,10.06412819,8.566737333
AGAGGCTTCGGAAACC-1,64.85219202,6.216395409,5.667255991,6.476209807,8.41064109,8.377305685
AGAGTAAACTTCACTA-1,61.53131079,5.617269878,6.041352032,4.826855405,13.4715079,8.511703993
AGAGTCTTAATGAAAG-1,70.55456083,2.156302846,4.076000007,3.256547022,10.21585223,9.740737061
AGATAATCACACCTAT-1,60.78592186,6.165858177,7.181163866,4.913242174,11.51282663,9.440987285
AGATACCAATAGAACC-1,66.38952873,4.558569967,4.272653861,4.479081699,10.11950735,10.18065839
AGATACTCAAGATCGA-1,65.00008043,4.556220397,4.666526092,3.224608639,8.155131557,14.39743289
AGATATAATACGACTA-1,67.54974979,3.478465568,4.087089282,3.798501886,13.61160791,7.474585556
AGATGCAAGACGTGCA-1,61.00736915,6.691671117,9.733970046,3.963453794,6.297036383,12.30649951
AGATTCACAACCGATA-1,62.57716151,8.426356669,5.797783855,2.833281329,10.69450593,9.670910707
AGCAAAGGCCGCTAGT-1,67.5928495,3.570940982,4.151454906,3.808006332,11.09382302,9.782925264
AGCAACCGAAAGTAAT-1,62.28778442,5.608021484,6.463516142,3.908972334,13.36528901,8.366416613
AGCACACGTTTAGACT-1,68.95483226,4.344832135,7.516663615,5.111187907,7.475501298,6.596982782
AGCACTACCTCACCAG-1,63.39973448,2.684480935,4.32036093,3.321389805,5.323825865,20.95020799
AGCAGAAGGAGAAAGA-1,66.83016737,4.317717662,3.694068884,2.748127112,11.99152033,10.41839864
AGCAGCCAGATGAATA-1,64.78973801,4.760499454,5.323514145,3.406003044,6.336180011,15.38406534
AGCAGTCGAAGCATGC-1,69.07136908,2.833897325,4.901459959,4.265789454,10.43371431,8.493769874
AGCATATCAATATGCT-1,58.83986398,4.431640679,4.90345519,8.026769584,11.07046495,12.72780562
AGCATCATTTCGAAAG-1,54.24888243,6.838505027,9.263068018,7.01341601,13.79663358,8.839494932
AGCATTACGAGGCAAG-1,66.36180313,1.861027893,3.652083728,4.527119232,10.50595919,13.09200683
AGCCAAGCTTTGTGTC-1,63.60453813,4.816869098,8.335696432,5.066607345,11.01979525,7.156493748
AGCCACAGGTTACCCG-1,69.04802489,2.355103747,3.772066358,5.043245074,7.580838517,12.20072141
AGCCATATAGTATGTG-1,67.07874446,4.092166195,6.496154558,3.10744438,10.06170317,9.16378724
AGCCCGCAACAAGCAG-1,68.17985275,3.934380251,4.551442602,3.093627871,10.15016481,10.09053171
AGCCCGCACTACAATG-1,70.78880137,1.734198737,4.187393379,1.375751015,6.848634732,15.06522077
AGCCCGGCATTAGAGG-1,67.81262008,4.889932211,6.166103967,5.147841458,7.265492355,8.71800993
AGCCCGGTAGCCTGTA-1,66.30732303,4.103504898,5.339720885,4.018628686,10.67810866,9.552713839
AGCCCTCCCTGGTGGC-1,68.61467884,3.9349699,5.816707365,3.941150239,10.87677499,6.815718665
AGCCCTTGGACATCCC-1,68.33595126,4.518917163,5.403209621,3.757558722,8.921694143,9.06266909
AGCCGTGGCTAAATGT-1,60.02529396,8.419073979,7.823453219,6.364115095,8.961861691,8.406202056
AGCCTAATACCCACGT-1,65.29658106,4.914795139,4.223541924,4.709834969,3.584758663,17.27048824
AGCCTTGTCACTGATA-1,60.67637132,7.977448656,6.668433782,6.495961195,10.55719626,7.624588789
AGCGACAGGAACGGTC-1,64.90727271,4.764858146,6.568174417,3.605719326,6.4040677,13.7499077
AGCGACTTTGAAGACA-1,68.67480823,3.32735843,5.167361042,3.813029481,8.788391404,10.22905142
AGCGAGACGTGAAGGC-1,65.11445255,4.55296282,7.040696605,5.465159024,8.106535594,9.720193405
AGCGATGCGCCTAATA-1,67.12782069,2.723262239,4.719041353,2.317357788,8.107229029,15.00528891
AGCGCATAATGAATCG-1,66.29358001,4.232017828,5.655700682,4.146218023,13.97100049,5.701482964
AGCGGACACTTCGTAG-1,66.0363559,3.959363423,5.571248973,3.228009289,12.47962211,8.725400298
AGCGGCGGTTAGCGGT-1,56.02815996,4.267855116,8.111838325,3.946216757,18.15478672,9.491143121
AGCGGGTCTGACACTC-1,65.0685877,3.602993205,6.720546968,3.555028446,9.764657174,11.28818651
AGCTAACAAGCAATGT-1,68.46463348,3.414770039,5.678427724,3.283874699,10.54114034,8.617153717
AGCTAAGCTCCGTCCG-1,64.8202938,4.942189753,7.207718545,4.346940065,9.279797545,9.40306029
AGCTAAGTACGCAGGC-1,67.05188262,3.167491908,4.210763728,2.845558949,13.31532104,9.408981754
AGCTACGAATGGTGGT-1,70.18750441,1.900666285,3.455157584,3.585479042,12.00259268,8.868599999
AGCTCCATATATGTTC-1,69.30155661,4.207858168,5.430338454,3.614532133,8.522117532,8.923597101
AGCTCCTTCGCACATC-1,66.21663979,3.452182804,4.244540322,2.099920965,14.21160127,9.775114852
AGCTGTAACCTCAATC-1,64.48980213,4.579096838,5.878224687,3.216591227,13.51309314,8.323191985
AGCTTCTTCTCGAGCA-1,68.46026819,1.895547017,5.403263688,3.457341947,14.41521239,6.368366768
AGGAACGAACGACTTC-1,68.25909478,2.144575925,5.811920051,5.238024155,10.97165027,7.57473482
AGGAAGCTGTCCGCCG-1,63.51121443,5.037399959,4.54494475,1.497982993,14.17502715,11.23343072
AGGACATCGGCACACT-1,65.43382087,3.517823306,3.786244039,2.181183525,14.1922885,10.88863976
AGGAGGCCTTCGCGCG-1,62.19244305,5.28898086,4.456182659,4.255496087,17.25246854,6.554428797
AGGATAAAGTCGGGAT-1,65.24398711,3.283103683,4.991820565,2.573410545,15.25910647,8.64857163
AGGATATAGGGATTTA-1,66.90866364,5.038219529,5.466573265,5.92990847,10.55283508,6.103800012
AGGATATCCGACTGCA-1,71.30651537,1.509913946,4.745280713,3.292184784,9.712113258,9.433991926
AGGATCACGCGATCTG-1,59.63095046,6.960646273,10.18620346,2.834773877,15.11569661,5.271729325
AGGCACGTGACTGTCC-1,62.90179464,4.236451766,4.912032864,6.48484935,13.28687524,8.177996133
AGGCAGGGAGCGTACT-1,65.63290312,4.469097974,5.138283526,3.62681112,13.59617973,7.536724535
AGGCATTGTCGTAGGG-1,70.93712595,4.58039186,5.021388654,4.085711602,9.638434443,5.736947495
AGGCCCTAGAACGCCA-1,63.82970801,5.493606468,6.564892849,6.795148875,8.525942796,8.790701006
AGGCCTATCATACCAA-1,70.51537723,3.010680049,4.384323624,4.410054749,10.32838079,7.351183553
AGGCCTGAGAATCTCG-1,63.95025149,2.676822237,4.956589342,6.349463118,10.27571608,11.79115774
AGGCGATAACTGGCGT-1,65.58685855,2.562436184,4.265346531,4.271640812,10.34268852,12.9710294
AGGCGGTTTGTCCCGC-1,60.62258886,6.768881039,7.027408639,4.938802038,6.020895043,14.62142438
AGGCTTAAGTTGCACA-1,68.85039477,2.784591825,3.842989518,4.840663643,9.529081667,10.15227858
AGGCTTCCCGAAGAAG-1,68.85590132,4.452042673,4.374778322,4.919643011,10.76760323,6.630031447
AGGGACTCTACGCGAC-1,71.21588894,3.581312129,4.98050877,5.386335765,3.657922757,11.17803164
AGGGCCCTAATGTTCT-1,67.12980061,3.863000486,3.79233294,5.236677051,12.59371038,7.384478526
AGGGCGAGCAGCTGAT-1,69.45928056,3.711397862,7.124980975,2.712215091,10.12707383,6.865051691
AGGGTCAGAGCACTCG-1,65.46303189,4.390178923,6.365840551,3.778458414,10.70188145,9.300608775
AGGGTCTGGACGCAGT-1,59.10301412,2.071466533,7.501083787,4.004368995,18.57746874,8.742597825
AGGGTGCCGTTCTTTA-1,65.87661443,5.876929575,5.437575889,5.58884896,11.93815524,5.281875911
AGGGTTCAGACGGTCC-1,62.64329237,5.304089075,6.733300428,4.70256421,14.06827857,6.548475347
AGGTAGATCGAGATAT-1,62.45031203,5.707699526,6.616629509,4.511223125,13.00025318,7.713882628
AGGTCAGGTGAGAGTG-1,58.83781608,5.401747844,5.465486286,8.554149804,13.45169948,8.289100515
AGGTCGCCTCCCAACA-1,63.72993838,4.156473162,6.786556416,3.021346808,12.45510942,9.85057582
AGGTGCACGTCCACAT-1,70.68053348,2.053175005,3.279513097,3.076937541,11.61991451,9.289926374
AGGTGGTGACCTTCGC-1,63.60789192,4.749548899,6.177581211,3.691484421,13.83563943,7.93785412
AGGTGTTGCCGACCAC-1,65.74681322,3.098091527,4.388763164,3.941276532,12.75238553,10.07267004
AGGTTCTCCTTTCCGG-1,55.81347938,7.629521532,7.913693928,7.1621058,11.20559397,10.27560539
AGTAACTATAGCAGCC-1,72.42632947,0.914883318,3.271380465,3.939284266,9.819137806,9.628984677
AGTAAGGGACAGAATC-1,69.60907269,2.130780802,3.30934125,3.048093044,13.2800929,8.622619315
AGTAATCTAAGGGTGG-1,61.13385379,4.933111692,3.371770175,4.096819589,9.538860841,16.92558391
AGTAATTTGCAAGCGT-1,54.19491149,7.98560296,8.809821651,7.051603218,12.77456625,9.183494431
AGTACAGAAGCTTATA-1,67.35773001,2.538558096,4.035033973,2.996037454,12.39558727,10.6770532
AGTACTCTTATGCCCA-1,70.73547405,3.012406858,3.434638411,2.389231911,7.311703755,13.11654502
AGTAGAAGGCGCCTCA-1,65.40086234,4.032089736,6.199627528,3.889766376,11.26228996,9.215364063
AGTATACACAGCGACA-1,66.10498064,5.433592218,6.965892993,4.12026929,11.16726024,6.208004613
AGTATGCTGGAGACCA-1,58.11568695,5.841300734,8.623706023,3.663714827,10.42021448,13.33537698
AGTATTTGGCACGACC-1,68.59652375,3.786176363,5.097321292,3.250881105,17.17464625,2.09445124
AGTCAAATGATGTGAT-1,64.34608646,4.303696834,5.717001165,4.46456001,12.32631739,8.842338141
AGTCAAGATGACACTT-1,63.57776237,3.007266332,5.519325555,2.81811171,12.71572786,12.36180617
AGTCACTAGCTCTCGA-1,61.6800851,5.925781972,5.751941105,6.273543117,14.0239273,6.344721408
AGTCGAAACGATTCAG-1,59.02662108,7.588552154,5.695999474,6.366902091,13.04884891,8.273076294
AGTCGAATTAGCGTAA-1,67.81683968,2.509092367,3.536769415,3.03391508,10.16435233,12.93903112
AGTCGGCTCAACTTTA-1,60.70435561,6.450270223,2.389924263,5.656203479,12.38277876,12.41646766
AGTCGTATAAAGCAGA-1,63.09715015,2.335370732,5.62177692,5.19712097,11.30441253,12.4441687
AGTCGTCGACCACCAA-1,66.96682159,2.37332911,4.384392105,2.03495565,13.63224286,10.60825868
AGTCGTGGGCATTACG-1,62.71297348,5.060887089,5.675116906,3.756924077,11.69352644,11.10057201
AGTCTCACAAGACTAC-1,61.91679857,4.848199864,5.592426693,4.364787749,13.12938283,10.14840429
AGTCTTTAAAGTGTCC-1,65.25109631,4.135726604,4.199471891,3.148627632,13.60689589,9.658181669
AGTGACCTACTTTACG-1,63.5698423,5.231961807,4.61469392,5.255060255,11.95283739,9.375604323
AGTGACTGTGACACAA-1,67.64014205,5.06730809,7.322146966,4.675533554,6.171352127,9.123517215
AGTGAGTCGAATTAAC-1,73.58933075,2.504141426,3.322659435,3.082151288,7.917276931,9.58444017
AGTGATAACCTGCGCG-1,70.06493046,2.510293713,2.904193621,4.364664638,9.254132879,10.90178468
AGTGATATGAGTAGTT-1,60.51192489,5.326221556,4.873116946,5.665502756,13.43239827,10.19083558
AGTGCACGCTTAAGAA-1,63.92338308,3.815466518,4.027085926,5.519125473,16.74198519,5.972953808
AGTGCGTAGCTCGTAA-1,63.21166347,7.442759243,5.495236261,2.604934934,11.14277299,10.10263311
AGTGCTAAACACAGCA-1,59.30945492,2.154512625,4.306576869,2.507391692,21.38725183,10.33481206
AGTGGCCCGCAAATGG-1,68.79154511,2.559355837,2.81934287,3.7181077,11.8524409,10.25920758
AGTGGCGTCTGAAGGT-1,65.70258929,2.452526708,3.410268527,2.188759166,14.25412051,11.9917358
AGTTAAGTCAACCGCT-1,58.76039225,5.126865643,4.620091649,4.056973986,15.16219486,12.27348162
AGTTGACGGTCCTTGC-1,67.95793578,4.39424069,4.134299762,3.292024983,9.983756883,10.2377419
AGTTGCGGTCCTCAAC-1,55.63117227,6.486643193,6.181489488,6.327597687,14.07067986,11.3024175
AGTTGGCAAGGCTAGA-1,68.96981986,2.047739532,4.656439184,3.677354401,11.06649536,9.582151657
AGTTTGCACCTGCCTC-1,71.08316373,2.031681402,3.609243661,2.929592859,10.57867516,9.767643178
AGTTTGGCACGGGTTG-1,60.92787242,5.900072298,6.626906212,6.875734567,7.245551433,12.42386307
AGTTTGGCCAGACCTA-1,62.24891358,5.980194203,5.087204304,6.077050714,14.67829843,5.928338771
ATAAACGGACCCGTAA-1,59.41982658,5.641168471,7.197718938,5.59690536,8.78098954,13.36339111
ATAAACGTTGCACCAC-1,62.58563574,4.384725465,5.303941123,5.614071324,11.84655978,10.26506657
ATAAGGTGGAGAACAT-1,63.90940974,4.335778398,4.714683886,4.368010864,11.85990932,10.81220779
ATAAGTTACCGCGACG-1,64.1970264,4.579557794,7.920631923,5.211780561,10.06242745,8.028575864
ATAATAGCTGTTGAAT-1,60.73236411,4.222078269,4.805215552,3.212246163,22.93818028,4.08991562
ATAATCTTGGAGAACC-1,67.45962074,4.505127394,3.202690537,2.134203424,14.11129153,8.587066376
ATAATTAGCTAAGTAG-1,62.63164504,4.029287736,6.053807375,3.951235046,12.47308751,10.8609373
ATACAGCGTCCACTGA-1,61.28882662,6.454915962,6.084726505,6.543880161,9.088706989,10.53894376
ATACAGGCCCTCCAAT-1,66.06151884,3.253864005,4.642722687,3.364312825,13.31135885,9.36622279
ATACCCTCCCGGCCAA-1,60.56942446,5.672314015,6.796519724,4.691641938,11.69227422,10.57782565
ATACCTAACCAAGAAA-1,67.41007825,4.301001651,4.893788595,3.596457472,12.06404927,7.734624762
ATACGAGGTTTGTAAG-1,69.67477179,3.319956824,5.118574527,3.312170029,12.04652175,6.528005081
ATACGGAACGTCGTTT-1,60.70743113,6.174135789,6.127333151,3.726181331,9.314229298,13.9506893
ATACGTACTTAGCCAC-1,69.57660568,1.669712819,3.256365341,2.876831705,10.26580989,12.35467457
ATACGTCCACTCCTGT-1,61.93617156,6.470753539,7.077799289,7.976811134,0.644252987,15.89421149
ATACGTTATGCACGGA-1,66.89440721,4.128667295,4.261745544,3.850052128,10.81053841,10.05458941
ATACTACCCGTACCAC-1,66.81954068,4.818468158,5.764230275,5.246728405,11.50642134,5.844611144
ATACTGCCTTACACCG-1,62.51224711,3.059999309,4.998415816,3.389851313,15.92066841,10.11881804
ATAGCAACTAGGGAAG-1,66.48816202,3.501055116,3.60760044,2.892011408,13.09840419,10.41276683
ATAGCCATAACAGTCA-1,69.32034421,2.5256768,4.332936542,2.822755992,14.5628512,6.435435257
ATATAAAGCGCTCGTG-1,70.21046812,4.11406073,4.633655695,2.591250852,11.85807129,6.592493317
ATATAAATGTAGCTGC-1,66.22631964,2.368588267,4.106835011,5.092176229,14.17611397,8.029966883
ATATAACACGGGCGCA-1,64.71044043,1.774305868,5.686020215,3.499938784,13.90717704,10.42211767
ATATACGCTCGTGACG-1,71.91478497,2.652511061,4.40395184,2.605488331,10.85923636,7.564027439
ATATAGAGTATTGGTC-1,57.17245589,7.646254718,7.929366438,6.642963652,10.64873086,9.960228441
ATATCAATTCCAGCCT-1,57.25723744,8.93854126,9.813878465,7.158556404,5.760082689,11.07170375
ATATCGTTCCTCGAAC-1,65.58735422,2.191055856,3.830643801,2.353275339,19.0740978,6.963572984
ATATGGGATAGCAACT-1,64.78197776,3.938027959,5.767216929,4.338184594,10.79662783,10.37796492
ATATGTCTAGAGCGTG-1,62.79344841,3.908032707,6.084013778,3.851185299,13.55839201,9.804927797
ATATTCAGTTAAACCT-1,63.30719961,5.982497261,4.631092432,3.756975371,14.37403483,7.948200495
ATATTCCACATAGTGA-1,63.86829795,3.302377465,4.697108861,3.583453921,14.79148204,9.757279765
ATATTGGAGAGGCCTT-1,65.21291446,2.95711268,6.526407696,1.90857915,14.53985544,8.85513057
ATCAAACACTGTTCCA-1,61.64964163,5.028233144,6.390544624,5.272199478,15.84013264,5.819248486
ATCAAACGAAGGTTTG-1,64.04166937,4.20345799,7.210906461,4.483097117,12.0994032,7.961465864
ATCAAAGAGCCGTGGT-1,63.62814177,5.588478613,6.389077572,3.487758255,12.49386604,8.412677745
ATCAAGATCCCAGGAC-1,63.58811497,4.698409318,6.464435097,3.774700405,13.05635245,8.417987761
ATCAATGCCGTGGCTG-1,61.9869041,7.112774908,6.72926975,5.996307081,11.07806247,7.096681695
ATCACGTGCTAATTAA-1,63.05231708,5.793224401,7.058720313,4.161334533,12.08392605,7.850477621
ATCAGAAGCTGGTTGC-1,60.49989139,6.78726415,6.053088109,5.882668539,9.391572126,11.38551569
ATCAGACGGCACGCCG-1,62.75733192,5.490339266,8.094010304,4.405758572,10.96664081,8.285919134
ATCAGCCTCATGCTGC-1,72.27135016,2.579310783,3.577265297,2.065089868,9.022361961,10.48462194
ATCAGCTCGTCCACTA-1,57.80450433,5.386016432,8.176348348,3.280714184,20.08490161,5.267515095
ATCATAGATCGACGAG-1,67.7662014,3.675116064,4.974130162,2.823844452,9.532310042,11.22839788
ATCATAGCCCTATGTA-1,65.75749748,2.908640805,5.837657133,4.036098772,11.60775807,9.852347748
ATCATTGTACCGCATT-1,57.54371808,9.007297996,5.805068866,8.119159443,8.633325663,10.89142995
ATCCACATCGACAGAA-1,66.31525436,3.778824713,5.187413698,2.868775486,10.8668599,10.98287184
